28-Oct-2015 09:15:30 CDT  Initiating request to open file file:/eos/uscms/store/user/skalafut/WR/13TeV/RunIISpring15_MiniAODSignalSamples/WRToNuEToEEJJ_MW-1400_MNu-700-TuneCUETP8M1_pythia8_13TeV_1.root
28-Oct-2015 09:15:35 CDT  Successfully opened file file:/eos/uscms/store/user/skalafut/WR/13TeV/RunIISpring15_MiniAODSignalSamples/WRToNuEToEEJJ_MW-1400_MNu-700-TuneCUETP8M1_pythia8_13TeV_1.root
Begin processing the 1st record. Run 1, Event 1, LumiSection 1 at 28-Oct-2015 09:15:46.280 CDT

[ParticleListDrawer] analysing particle collection prunedGenParticles
 idx  |    ID -       Name |Stat|  Mo1  Mo2  Da1  Da2 |nMo nDa|    pt       eta     phi   |     px         py         pz        m     |
    0 |  2212 -         p+ |  4 |   -1   -1    2   14 |  0 26 |   0.000  29256.000  0.000 |      0.000      0.000   6500.000    0.938 |
    1 |  2212 -         p+ |  4 |   -1   -1    3   36 |  0 22 |   0.000 -29256.000  0.000 |      0.000      0.000  -6500.000    0.938 |
    2 |    -1 -       dbar | 21 |    0    0    4    4 |  1  1 |   0.000  23730.582  0.000 |      0.000      0.000    974.582    0.000 |
    3 |     2 -          u | 21 |    1    1    4    4 |  1  1 |   0.000 -23269.703  0.000 |      0.000      0.000   -513.703    0.000 |
    4 | 9900024 -       W_R+ | 22 |    2    3    5    5 |  2  1 |   0.000  23216.879  0.000 |      0.000      0.000    460.879 1415.126 |
    5 | 9900024 -       W_R+ | 62 |    4    4    6    7 |  1  2 |  77.218      2.845  0.907 |     47.569     60.826    661.641 1415.126 |
    6 |   -11 -         e+ |  1 |    5    5   -1   -1 |  1  0 | 502.700      0.329 -2.115 |   -260.290   -430.065    168.583    0.001 |
    7 | 9900012 -      nu_Re | 22 |    5    5    8   10 |  1  3 | 579.440      0.772  1.011 |    307.859    490.891    493.058  700.000 |
    8 |   -11 -         e+ |  1 |    7    7   -1   -1 |  1  0 | 152.403      1.440 -0.884 |     96.683   -117.810    303.489    0.001 |
    9 |     3 -          s | 23 |    7    7   28   30 |  1  8 | 488.668      0.278  1.078 |    231.014    430.614    137.606    0.500 |
   10 |    -4 -       cbar | 23 |    7    7   32   32 |  1  1 | 179.188      0.286  1.682 |    -19.838    178.086     51.962    1.500 |
   11 |     2 -          u | 72 |    1    1   40   35 |  1  6 |   4.807     -1.626  1.447 |      0.595      4.770    -11.742    0.330 |
   12 |    21 -          g | 72 |    1    1   40   35 |  1  6 |   6.013     -3.009  0.868 |      3.886      4.588    -60.767   -0.000 |
   13 |    21 -          g | 72 |    0    1   40   35 |  2  6 |   6.411     -3.022  1.873 |     -1.911      6.120    -65.637   -0.000 |
   14 |  2101 -       ud_0 | 72 |    0    0   40   35 |  1  6 |   1.255      8.299 -0.624 |      1.018     -0.733   2521.522    0.579 |
   15 |     3 -          s | 71 |    0    0   43   43 |  1  1 |   9.127      1.876 -2.520 |     -7.422     -5.312     29.094    0.500 |
   16 |    -2 -       ubar | 71 |    0    0   38   17 |  1  3 |   9.601      0.752 -2.619 |     -8.320     -4.791      7.916    0.330 |
   17 |  2212 -         p+ |  1 |    0   16   -1   -1 |  3  0 |   0.248      2.491 -1.916 |     -0.084     -0.233      1.487    0.938 |
   18 |     2 -          u | 71 |    0    1   24   27 |  2  4 |  17.012      0.683 -2.374 |    -12.237    -11.818     12.540    0.400 |
   19 |    21 -          g | 71 |    0    0   24   27 |  1  4 |   5.407     -0.232 -1.774 |     -1.089     -5.296     -1.265    0.148 |
   20 |    21 -          g | 71 |    0    0   24   27 |  1  4 |   6.937     -0.222 -2.099 |     -3.498     -5.990     -1.552   -0.000 |
   21 |    21 -          g | 71 |    0    0   24   27 |  1  4 |  11.661     -0.588 -1.965 |     -4.474    -10.769     -7.260    0.265 |
   22 |    21 -          g | 71 |    0    0   24   27 |  1  4 |  38.792     -0.466 -1.881 |    -11.828    -36.945    -18.723   -0.000 |
   23 |    21 -          g | 71 |    0    1   24   27 |  2  4 |   9.821     -0.362 -1.675 |     -1.020     -9.768     -3.629    0.256 |
   24 |  2212 -         p+ |  1 |   18   23   -1   -1 |  8  0 |   5.918      0.717 -2.315 |     -4.010     -4.352      4.616    0.938 |
   25 |  2212 -         p+ |  1 |   18   23   -1   -1 |  8  0 |   4.438     -0.222 -1.986 |     -1.789     -4.062     -0.993    0.938 |
   26 |  2212 -         p+ |  1 |   18   23   -1   -1 |  8  0 |   9.219     -0.452 -1.898 |     -2.967     -8.729     -4.314    0.938 |
   27 |  2212 -         p+ |  1 |   18   23   -1   -1 |  8  0 |   1.167     -0.849  1.487 |      0.098      1.162     -1.115    0.938 |
   28 |     3 -          s | 71 |    9    9   39   34 |  1  4 | 428.719      0.281  1.066 |    207.307    375.265    122.099    0.500 |
   29 |    21 -          g | 71 |    9    9   39   34 |  1  4 |  33.079      0.237  1.154 |     13.402     30.242      7.905   -0.000 |
   30 |    21 -          g | 71 |    9    9   39   34 |  1  4 |  15.081      0.347  1.143 |      6.254     13.723      5.343    0.000 |
   31 |    21 -          g | 71 |    9    9   39   34 |  1  4 |  15.008      0.229  1.413 |      2.364     14.821      3.472    0.330 |
   32 |    -4 -       cbar | 71 |   10   10   39   34 |  1  4 | 172.814      0.286  1.682 |    -19.131    171.752     50.114    1.500 |
   33 |   221 -        eta |  2 |   28   32   44   44 |  6  1 |  13.996      0.251  1.161 |      5.575     12.838      3.548    0.548 |
   34 |  -421 -      Dbar0 |  2 |   28   32   45   46 |  6  2 | 143.379      0.284  1.681 |    -15.762    142.510     41.268    1.865 |
   35 |  2212 -         p+ |  1 |   11   14   -1   -1 |  6  0 |   0.266     -3.774  2.349 |     -0.187      0.189     -5.793    0.938 |
   36 |  2212 -         p+ |  1 |    1    1   -1   -1 |  1  0 |   1.639     -7.556 -2.315 |     -1.111     -1.206  -1568.122    0.938 |
   37 |  2212 -         p+ |  1 |    0    1   -1   -1 |  2  0 |   0.334     -4.407 -2.815 |     -0.317     -0.107    -13.714    0.938 |
   38 |  2212 -         p+ |  1 |    0   16   -1   -1 |  3  0 |   1.774      2.142  0.792 |      1.245      1.263      7.448    0.938 |
   39 |   111 -        pi0 |  2 |   28   32   47   48 |  6  2 |  75.553      0.283  1.067 |     36.443     66.183     21.634    0.135 |
   40 |   310 -       K_S0 |  1 |   11   14   -1   -1 |  6  0 |   1.412     -1.766  1.339 |      0.324      1.374     -4.010    0.498 |
   41 |   310 -       K_S0 |  1 |    0   16   -1   -1 |  3  0 |   1.457      2.141  0.282 |      1.399      0.406      6.113    0.498 |
   42 |   310 -       K_S0 |  1 |   28   32   -1   -1 |  6  0 |   1.944      0.212  1.446 |      0.242      1.928      0.415    0.498 |
   43 |   310 -       K_S0 |  1 |   15    1   -1   -1 |  3  0 |   1.733      1.989 -2.602 |     -1.487     -0.891      6.215    0.498 |
   44 |    22 -      gamma |  1 |   33   33   -1   -1 |  1  0 |  13.868      0.251  1.157 |      5.573     12.699      3.511   -0.000 |
   45 |   111 -        pi0 |  2 |   34   34   53   53 |  1  1 |  21.926      0.287  1.678 |     -2.351     21.800      6.368    0.135 |
   46 |   111 -        pi0 |  2 |   34   34   54   55 |  1  2 |  49.577      0.281  1.691 |     -5.932     49.221     14.124    0.135 |
   47 |    22 -      gamma |  1 |   39   39   -1   -1 |  1  0 |  62.945      0.283  1.068 |     30.317     55.163     18.022    0.000 |
   48 |    22 -      gamma |  1 |   39   39   -1   -1 |  1  0 |  12.608      0.283  1.063 |      6.125     11.020      3.612   -0.000 |
   49 |    11 -         e- |  1 |   11   14   -1   -1 |  6  0 |   0.053     -1.436 -0.769 |      0.038     -0.037     -0.104    0.001 |
   50 |   -11 -         e+ |  1 |   11   14   -1   -1 |  6  0 |   0.036     -1.449 -0.761 |      0.026     -0.025     -0.073    0.001 |
   51 |    11 -         e- |  1 |   11   14   -1   -1 |  6  0 |   0.096     -4.776  1.733 |     -0.016      0.095     -5.707    0.001 |
   52 |   -11 -         e+ |  1 |   11   14   -1   -1 |  6  0 |   0.487     -4.775  1.730 |     -0.077      0.481    -28.839    0.001 |
   53 |    22 -      gamma |  1 |   45   45   -1   -1 |  1  0 |  17.801      0.285  1.676 |     -1.867     17.703      5.137    0.000 |
   54 |    22 -      gamma |  1 |   46   46   -1   -1 |  1  0 |  33.016      0.283  1.691 |     -3.946     32.780      9.472    0.000 |
   55 |    22 -      gamma |  1 |   46   46   -1   -1 |  1  0 |  16.560      0.277  1.691 |     -1.986     16.441      4.652   -0.000 |
28-Oct-2015 09:15:51 CDT  Closed file file:/eos/uscms/store/user/skalafut/WR/13TeV/RunIISpring15_MiniAODSignalSamples/WRToNuEToEEJJ_MW-1400_MNu-700-TuneCUETP8M1_pythia8_13TeV_1.root
