20-Nov-2015 08:17:50 CST  Initiating request to open file file:/eos/uscms/store/user/skalafut/WR/13TeV/RunIISpring15_MiniAODBkgndFiles/DYJetsToLL_M_200to400_amcnlo_13TeV_25ns_reMiniAOD_26kevts.root
20-Nov-2015 08:17:52 CST  Successfully opened file file:/eos/uscms/store/user/skalafut/WR/13TeV/RunIISpring15_MiniAODBkgndFiles/DYJetsToLL_M_200to400_amcnlo_13TeV_25ns_reMiniAOD_26kevts.root
Begin processing the 1st record. Run 1, Event 40289, LumiSection 68 at 20-Nov-2015 08:17:52.993 CST

[ParticleListDrawer] analysing particle collection prunedGenParticles
 idx  |    ID -       Name |Stat|  Mo1  Mo2  Da1  Da2 |nMo nDa|    pt       eta     phi   |     px         py         pz        m     |
    0 |  2212 -         p+ |  4 |   -1   -1    2   79 |  0 43 |   0.000  29256.000  0.000 |      0.000      0.000   6500.000    0.938 |
    1 |  2212 -         p+ |  4 |   -1   -1    3   79 |  0 47 |   0.000 -29256.000  0.000 |      0.000      0.000  -6500.000    0.938 |
    2 |    21 -          g | 21 |    0    0    4    8 |  1  5 |   0.000  23015.977  0.000 |      0.000      0.000    259.977    0.000 |
    3 |    21 -          g | 21 |    1    1    4    8 |  1  5 |   0.000 -23346.990  0.000 |      0.000      0.000   -590.990    0.000 |
    4 |   -11 -         e+ | 23 |    2    3   10   10 |  2  1 | 158.001     -0.902  0.504 |    138.390     76.238   -162.601    0.001 |
    5 |    11 -         e- | 23 |    2    3   11   11 |  2  1 | 149.902     -1.441 -2.640 |   -131.416    -72.113   -298.907    0.001 |
    6 |     4 -          c | 23 |    2    3   24   24 |  2  1 |  41.878     -1.235  0.432 |     38.024     17.548    -65.942    1.500 |
    7 |    -4 -       cbar | 23 |    2    3    9    9 |  2  1 |  42.694      2.164 -3.086 |    -42.629     -2.353    183.366    1.500 |
    8 |    21 -          g | 23 |    2    3   20   50 |  2  5 |  19.465      0.629 -1.693 |     -2.369    -19.321     13.071    0.000 |
    9 |    -4 -       cbar | 44 |    7    7   19   50 |  1  3 |  37.492      2.207 -2.780 |    -35.061    -13.281    168.313    1.500 |
   10 |   -11 -         e+ | 44 |    4    4   12   14 |  1  2 | 160.768     -0.880  0.471 |    143.277     72.924   -160.498    0.001 |
   11 |    11 -         e- | 52 |    5    5   13   15 |  1  2 | 145.260     -1.475 -2.596 |   -124.158    -75.401   -300.861    0.001 |
   12 |   -11 -         e+ |  1 |   10   10   -1   -1 |  1  0 | 107.182     -0.879  0.473 |     95.404     48.847   -106.762    0.001 |
   13 |    11 -         e- |  1 |   11   11   -1   -1 |  1  0 | 145.317     -1.476 -2.600 |   -124.519    -74.913   -301.377    0.001 |
   14 |    22 -      gamma |  1 |   10   10   -1   -1 |  1  0 |  53.341     -0.879  0.473 |     47.480     24.310    -53.132   -0.000 |
   15 |    22 -      gamma |  1 |   11   11   -1   -1 |  1  0 |   0.015     -1.476 -2.596 |     -0.013     -0.008     -0.032    0.000 |
   16 |    21 -          g | 73 |    0    1   55   55 |  2  1 |   5.429      0.135 -0.969 |      3.073     -4.476      0.737    0.346 |
   17 |    21 -          g | 73 |    1    1   37   37 |  1  1 |   5.045     -5.571  2.631 |     -4.402      2.466   -662.477    0.215 |
   18 |    21 -          g | 73 |    0    1   36   36 |  2  1 |   5.317     -3.215 -1.953 |     -1.981     -4.934    -66.123    0.476 |
   19 |    -4 -       cbar | 73 |    9    9   49   49 |  1  1 |  31.482      2.164 -2.784 |    -29.496    -11.005    135.246    1.742 |
   20 |    21 -          g | 73 |    1    8   46   46 |  2  1 |   5.760      1.477 -1.967 |     -2.223     -5.314     11.961    0.304 |
   21 |    21 -          g | 73 |    0    1   48   48 |  2  1 |   5.121      2.363 -2.346 |     -3.584     -3.658     26.950    0.464 |
   22 |     3 -          s | 71 |    1    1   -1   -1 |  1  0 |   5.670     -1.861  0.307 |      5.404      1.716    -17.787    0.500 |
   23 |  2212 -         p+ |  1 |    0    1   -1   -1 |  2  0 |   2.812     -1.621  3.027 |     -2.794      0.321     -6.835    0.938 |
   24 |     4 -          c | 71 |    6    6   26   26 |  1  1 |  41.625     -1.205  0.401 |     38.323     16.248    -63.197    1.500 |
   25 |    21 -          g | 71 |    1    1   26   26 |  1  1 |   6.550     -1.989  0.876 |      4.194      5.030    -23.478    0.000 |
   26 |   411 -         D+ |  2 |    0   25   80   80 |  4  1 |  20.681     -1.211  0.397 |     19.071      7.998    -31.647    1.870 |
   27 |    21 -          g | 71 |    0    1   28   29 |  2  2 |   5.202      0.525  1.030 |      2.677      4.460      2.861    0.585 |
   28 |  2212 -         p+ |  1 |    0   27   -1   -1 |  3  0 |   1.911      0.103  1.026 |      0.991      1.634      0.198    0.938 |
   29 |  2212 -         p+ |  1 |    0   27   -1   -1 |  3  0 |   2.761      1.051  0.919 |      1.674      2.195      3.468    0.938 |
   30 |     3 -          s | 71 |    0    1   65   65 |  2  1 |   6.522     -1.478  2.320 |     -4.440      4.777    -13.558    0.500 |
   31 |    21 -          g | 71 |    1    1   65   65 |  1  1 |   5.879     -3.867 -2.842 |     -5.618     -1.733   -140.385   -0.000 |
   32 |     2 -          u | 71 |    0    1   33   66 |  2  2 |   6.447      1.664 -0.430 |      5.861     -2.686     16.407    0.330 |
   33 |  2212 -         p+ |  1 |    0   32   -1   -1 |  3  0 |   0.363      4.522  1.536 |      0.013      0.363     16.710    0.938 |
   34 |     3 -          s | 71 |    1    1   -1   -1 |  1  0 |   5.807     -1.172 -0.063 |      5.796     -0.364     -8.477    0.500 |
   35 |     2 -          u | 71 |    1    1   70   71 |  1  2 |   1.247     -0.429  0.860 |      0.814      0.945     -0.552    0.330 |
   36 |    21 -          g | 71 |   18   18   70   71 |  1  2 |   5.317     -3.215 -1.953 |     -1.981     -4.934    -66.123    0.476 |
   37 |    21 -          g | 71 |   17   17   70   71 |  1  2 |   5.045     -5.571  2.631 |     -4.402      2.466   -662.477    0.215 |
   38 |    -1 -       dbar | 71 |    0    1   70   71 |  2  2 |   0.142     -3.964  1.377 |      0.027      0.139     -3.733    0.330 |
   39 |  2212 -         p+ |  1 |    0    1   -1   -1 |  2  0 |   1.413      0.811 -2.760 |     -1.312     -0.526      1.277    0.938 |
   40 |     1 -          d | 71 |    0    0   50   50 |  1  1 |   3.307      1.121 -2.715 |     -3.011     -1.368      4.535    0.330 |
   41 |    21 -          g | 71 |    0    0   50   50 |  1  1 |   7.930      0.657  1.901 |     -2.571      7.502      5.589    0.000 |
   42 |    21 -          g | 71 |    0    0   50   50 |  1  1 |   6.209      0.564  1.830 |     -1.594      6.001      3.688    0.000 |
   43 |    21 -          g | 71 |    8    8   50   50 |  1  1 |   3.144      0.236 -1.579 |     -0.025     -3.144      0.749    0.000 |
   44 |    21 -          g | 71 |    8    8   50   50 |  1  1 |   4.914     -0.044 -1.451 |      0.586     -4.879     -0.217    0.000 |
   45 |    21 -          g | 71 |    8    8   50   50 |  1  1 |   2.430      0.716 -2.238 |     -1.503     -1.910      1.893   -0.000 |
   46 |    21 -          g | 71 |   20   20   50   50 |  1  1 |   5.760      1.477 -1.967 |     -2.223     -5.314     11.961    0.304 |
   47 |    21 -          g | 71 |    9    9   50   50 |  1  1 |   5.698      1.627 -2.014 |     -2.443     -5.148     13.935    0.000 |
   48 |    21 -          g | 71 |   21   21   50   50 |  1  1 |   5.121      2.363 -2.346 |     -3.584     -3.658     26.950    0.464 |
   49 |    -4 -       cbar | 71 |   19   19   50   50 |  1  1 |  31.482      2.164 -2.784 |    -29.496    -11.005    135.246    1.742 |
   50 |  -411 -         D- |  2 |    0   49   72   81 | 14  3 |  29.013      2.164 -2.782 |    -27.159    -10.206    124.657    1.870 |
   51 |     1 -          d | 71 |    0    1   57   77 |  2  5 |   0.059      6.007  0.325 |      0.055      0.019     11.891    0.330 |
   52 |    21 -          g | 71 |    0    1   57   77 |  2  5 |   6.437      3.350 -2.297 |     -4.274     -4.814     91.627   -0.000 |
   53 |    21 -          g | 71 |    0    1   57   77 |  2  5 |   5.567      1.790 -2.116 |     -2.889     -4.759     16.212   -0.000 |
   54 |    21 -          g | 71 |    0    1   57   77 |  2  5 |   5.010      1.140 -0.232 |      4.876     -1.153      7.033    0.000 |
   55 |    21 -          g | 71 |   16   16   57   77 |  1  5 |   5.429      0.135 -0.969 |      3.073     -4.476      0.737    0.346 |
   56 |    -2 -       ubar | 71 |    1    1   57   77 |  1  5 |   3.080     -0.617 -2.834 |     -2.935     -0.933     -2.024    0.330 |
   57 |  2212 -         p+ |  1 |    0   56   -1   -1 |  8  0 |   0.878     -1.317 -1.797 |     -0.197     -0.856     -1.522    0.938 |
   58 |  2212 -         p+ |  1 |    0    1   -1   -1 |  2  0 |   0.363     -2.967 -1.491 |      0.029     -0.361     -3.515    0.938 |
   59 |     1 -          d | 71 |    0    1   62   79 |  2  6 |   0.880     -4.577  2.254 |     -0.556      0.682    -42.776    0.330 |
   60 |    21 -          g | 71 |    0    1   62   79 |  2  6 |   6.977      2.838  0.254 |      6.753      1.754     59.409    0.000 |
   61 |    -3 -       sbar | 71 |    0    1   62   79 |  2  6 |   8.540     -1.261 -1.515 |      0.479     -8.527    -13.854    0.500 |
   62 |  2212 -         p+ |  1 |    0   61   -1   -1 |  5  0 |   0.353      5.259  2.417 |     -0.264      0.234     33.918    0.938 |
   63 |  2212 -         p+ |  1 |    0    0   -1   -1 |  1  0 |   0.598      6.844  1.217 |      0.207      0.561    280.292    0.938 |
   64 |   310 -       K_S0 |  1 |    0    1   -1   -1 |  2  0 |   1.035     -1.594  3.140 |     -1.035      0.002     -2.443    0.498 |
   65 |   310 -       K_S0 |  1 |    0   31   -1   -1 |  4  0 |   2.187     -1.687  2.317 |     -1.484      1.606     -5.704    0.498 |
   66 |   310 -       K_S0 |  1 |    0   32   -1   -1 |  3  0 |   2.380      1.830 -0.731 |      1.772     -1.589      7.230    0.498 |
   67 |  2212 -         p+ |  1 |    0   61   -1   -1 |  5  0 |   0.522     -1.715  0.598 |      0.431      0.294     -1.403    0.938 |
   68 |   310 -       K_S0 |  1 |    0   61   -1   -1 |  5  0 |   1.026      0.035 -2.882 |     -0.992     -0.263      0.036    0.498 |
   69 |   310 -       K_S0 |  1 |    0   61   -1   -1 |  5  0 |   6.683     -1.207 -1.523 |      0.318     -6.675    -10.170    0.498 |
   70 |    11 -         e- |  1 |    0   38   -1   -1 |  6  0 |   0.131     -5.313  2.763 |     -0.122      0.048    -13.268    0.001 |
   71 |   -11 -         e+ |  1 |    0   38   -1   -1 |  6  0 |   0.462     -5.315  2.762 |     -0.429      0.171    -46.937    0.001 |
   72 |    11 -         e- |  1 |   50   50   -1   -1 |  1  0 |   2.748      2.239 -2.767 |     -2.557     -1.005     12.752    0.001 |
   73 |   -12 -    nu_ebar |  1 |   50   50   -1   -1 |  1  0 |  22.641      2.148 -2.797 |    -21.309     -7.653     95.685   -0.000 |
   74 |   -11 -         e+ |  1 |    0   56   -1   -1 |  8  0 |   0.163      3.524 -1.805 |     -0.038     -0.158      2.755    0.001 |
   75 |    11 -         e- |  1 |    0   56   -1   -1 |  8  0 |   0.036      3.609 -1.977 |     -0.014     -0.033      0.659    0.001 |
   76 |    11 -         e- |  1 |    0   56   -1   -1 |  8  0 |   0.089      2.353 -1.800 |     -0.020     -0.087      0.465    0.001 |
   77 |   -11 -         e+ |  1 |    0   56   -1   -1 |  8  0 |   0.056      2.338 -1.760 |     -0.011     -0.055      0.288    0.001 |
   78 |    11 -         e- |  1 |    0   61   -1   -1 |  5  0 |   0.231     -3.702  0.261 |      0.224      0.060     -4.687    0.001 |
   79 |   -11 -         e+ |  1 |    0   61   -1   -1 |  5  0 |   0.759     -3.795  0.294 |      0.726      0.220    -16.874    0.001 |
   80 |   310 -       K_S0 |  1 |   26   26   -1   -1 |  1  0 |   7.079     -1.218  0.508 |      6.185      3.443    -10.916    0.498 |
   81 |   310 -       K_S0 |  1 |   50   50   -1   -1 |  1  0 |   3.639      2.200 -2.702 |     -3.293     -1.548     16.220    0.498 |

[ParticleListDrawer] analysing particle collection prunedGenParticles
 idx  |    ID -       Name |Stat|  Mo1  Mo2  Da1  Da2 |nMo nDa|    pt       eta     phi   |     px         py         pz        m     |
    0 |  2212 -         p+ |  4 |   -1   -1    2   34 |  0 16 |   0.000  29256.000  0.000 |      0.000      0.000   6500.000    0.938 |
    1 |  2212 -         p+ |  4 |   -1   -1    3   34 |  0 18 |   0.000 -29256.000  0.000 |      0.000      0.000  -6500.000    0.938 |
    2 |    21 -          g | 21 |    0    0    4    6 |  1  3 |   0.000  22790.193  0.000 |      0.000      0.000     34.193    0.000 |
    3 |     2 -          u | 21 |    1    1    4    6 |  1  3 |   0.000 -23352.170  0.000 |      0.000      0.000   -596.170    0.000 |
    4 |   -13 -        mu+ | 23 |    2    3    7    7 |  2  1 |  92.769     -2.345  1.290 |     25.730     89.130   -479.384    0.106 |
    5 |    13 -        mu- | 23 |    2    3    9    9 |  2  1 |  60.899     -0.431 -1.314 |     15.445    -58.908    -27.077    0.106 |
    6 |     2 -          u | 23 |    2    3    8    8 |  2  1 |  51.076     -0.942 -2.508 |    -41.175    -30.221    -55.515    0.330 |
    7 |   -13 -        mu+ | 44 |    4    4   10   13 |  1  3 |  93.976     -2.337  1.268 |     28.044     89.694   -481.919    0.106 |
    8 |     2 -          u | 44 |    6    6   23   34 |  1  6 |  49.409     -0.941 -2.521 |    -40.184    -28.749    -53.635    0.330 |
    9 |    13 -        mu- | 52 |    5    5   11   14 |  1  2 |  59.218     -0.403 -1.312 |     15.177    -57.240    -24.507    0.106 |
   10 |   -13 -        mu+ |  1 |    7    7   -1   -1 |  1  0 |  32.410     -2.374  1.239 |     10.568     30.638   -172.505    0.106 |
   11 |    13 -        mu- |  1 |    9    9   -1   -1 |  1  0 |  59.189     -0.404 -1.313 |     15.100    -57.231    -24.548    0.106 |
   12 |    22 -      gamma |  1 |    7    7   -1   -1 |  1  0 |  62.228     -2.307  1.298 |     16.774     59.925   -309.321    0.000 |
   13 |    22 -      gamma |  1 |    7    7   -1   -1 |  1  0 |   0.000     -2.438  1.290 |      0.000      0.000     -0.000   -0.000 |
   14 |    22 -      gamma |  1 |    9    9   -1   -1 |  1  0 |   0.000     -0.667 -1.277 |      0.000     -0.000     -0.000    0.000 |
   15 |    -4 -       cbar | 71 |    1    1   16   16 |  1  1 |   3.009     -4.448 -1.511 |      0.181     -3.004   -128.551    1.500 |
   16 |  -421 -      Dbar0 |  2 |    1   15   -1   -1 |  2  0 |   2.520     -4.645 -1.558 |      0.033     -2.520   -131.046    1.865 |
   17 |     4 -          c | 71 |    0    1   19   19 |  2  1 |   4.971     -1.499  0.207 |      4.865      1.023    -10.574    1.500 |
   18 |    -1 -       dbar | 71 |    0    1   19   19 |  2  1 |   0.452      6.954 -2.895 |     -0.438     -0.110    236.683    0.330 |
   19 |   421 -         D0 |  2 |    0   18   35   36 |  4  2 |   3.236     -1.586  0.215 |      3.162      0.690     -7.574    1.865 |
   20 |  2212 -         p+ |  1 |    0    1   -1   -1 |  2  0 |   0.322     -9.697 -1.343 |      0.073     -0.314  -2623.039    0.938 |
   21 |     4 -          c | 71 |    1    1   22   22 |  1  1 |   1.016     -6.175  0.331 |      0.961      0.330   -244.105    1.500 |
   22 |   421 -         D0 |  2 |    0   21   -1   -1 |  2  0 |   0.220     -6.784 -0.140 |      0.217     -0.031    -96.966    1.865 |
   23 |     2 -          u | 71 |    8    8   26   34 |  1  4 |  25.788     -0.935 -2.521 |    -20.985    -14.988    -27.776    0.330 |
   24 |    21 -          g | 71 |    8    8   26   34 |  1  4 |  19.566     -0.979 -2.548 |    -16.220    -10.942    -22.378    0.000 |
   25 |    -4 -       cbar | 71 |    0    1   26   34 |  2  4 |   8.330     -3.357 -0.049 |      8.320     -0.407   -119.342    1.500 |
   26 |  2212 -         p+ |  1 |    0   25   -1   -1 |  6  0 |   1.308      5.551 -2.159 |     -0.726     -1.089    168.465    0.938 |
   27 |  2212 -         p+ |  1 |    0   25   -1   -1 |  6  0 |   0.396     -4.254  1.169 |      0.155      0.364    -13.928    0.938 |
   28 |  -421 -      Dbar0 |  2 |    0   25   -1   -1 |  6  0 |   4.337     -3.525  0.047 |      4.332      0.205    -73.580    1.865 |
   29 |  2212 -         p+ |  1 |    0    1   -1   -1 |  2  0 |   1.001     -2.762 -2.888 |     -0.969     -0.251     -7.893    0.938 |
   30 |  2212 -         p+ |  1 |    0    1   -1   -1 |  2  0 |   0.086     -6.719  1.299 |      0.023      0.083    -35.628    0.938 |
   31 |  2212 -         p+ |  1 |    0    1   -1   -1 |  2  0 |   1.093     -0.475  2.017 |     -0.471      0.986     -0.540    0.938 |
   32 |   310 -       K_S0 |  1 |    0    1   -1   -1 |  2  0 |   1.854      0.262  3.073 |     -1.850      0.128      0.492    0.498 |
   33 |  2212 -         p+ |  1 |    0    1   -1   -1 |  2  0 |   0.921     -1.118 -3.045 |     -0.917     -0.089     -1.257    0.938 |
   34 |   111 -        pi0 |  2 |    0   25   37   37 |  6  1 |  20.475     -0.963 -2.539 |    -16.871    -11.601    -22.910    0.135 |
   35 |   -13 -        mu+ |  1 |   19   19   -1   -1 |  1  0 |   0.502     -1.840  0.780 |      0.357      0.353     -1.540    0.106 |
   36 |    14 -      nu_mu |  1 |   19   19   -1   -1 |  1  0 |   1.701     -1.307  0.220 |      1.659      0.372     -2.913    0.000 |
   37 |    22 -      gamma |  1 |   34   34   -1   -1 |  1  0 |  11.358     -0.966 -2.544 |     -9.391     -6.388    -12.761   -0.000 |

[ParticleListDrawer] analysing particle collection prunedGenParticles
 idx  |    ID -       Name |Stat|  Mo1  Mo2  Da1  Da2 |nMo nDa|    pt       eta     phi   |     px         py         pz        m     |
    0 |  2212 -         p+ |  4 |   -1   -1    2   53 |  0 25 |   0.000  29256.000  0.000 |      0.000      0.000   6500.000    0.938 |
    1 |  2212 -         p+ |  4 |   -1   -1    3   53 |  0 25 |   0.000 -29256.000  0.000 |      0.000      0.000  -6500.000    0.938 |
    2 |     2 -          u | 21 |    0    0    4    7 |  1  4 |   0.000  22786.395  0.000 |      0.000      0.000     30.395    0.000 |
    3 |     2 -          u | 21 |    1    1    4    7 |  1  4 |   0.000 -24166.250  0.000 |      0.000      0.000  -1410.250    0.000 |
    4 |   -11 -         e+ | 23 |    2    3    8    8 |  2  1 |  39.389     -0.538  0.291 |     37.734     11.296    -22.211    0.001 |
    5 |    11 -         e- | 23 |    2    3   11   11 |  2  1 |  68.062     -3.291 -1.420 |     10.240    -67.287   -912.842    0.001 |
    6 |     2 -          u | 23 |    2    3    9    9 |  2  1 |  34.649     -0.466 -0.893 |     21.741    -26.980    -16.739    0.330 |
    7 |     2 -          u | 23 |    2    3   10   10 |  2  1 | 108.371     -2.083  2.270 |    -69.715     82.971   -428.062    0.330 |
    8 |   -11 -         e+ | 44 |    4    4   12   15 |  1  3 |  42.731     -0.670  0.283 |     41.037     11.913    -30.829    0.001 |
    9 |     2 -          u | 44 |    6    6   27   46 |  1  7 |  36.345     -0.549 -0.812 |     25.005    -26.376    -20.951    0.330 |
   10 |     2 -          u | 44 |    7    7   23   24 |  1  2 | 109.966     -2.070  2.305 |    -73.649     81.660   -428.704    0.330 |
   11 |    11 -         e- | 52 |    5    5   13   16 |  1  2 |  70.879     -3.272 -1.606 |     -2.491    -70.835   -933.293    0.001 |
   12 |   -11 -         e+ |  1 |    8    8   -1   -1 |  1  0 |  42.890     -0.675  0.281 |     41.213     11.878    -31.200    0.001 |
   13 |    11 -         e- |  1 |   11   11   -1   -1 |  1  0 |  70.774     -3.274 -1.612 |     -2.898    -70.715   -933.253    0.001 |
   14 |    22 -      gamma |  1 |    8    8   -1   -1 |  1  0 |   0.000     -1.534  1.322 |      0.000      0.000     -0.000   -0.000 |
   15 |    22 -      gamma |  1 |    8    8   -1   -1 |  1  0 |   0.013     -0.675  0.280 |      0.013      0.004     -0.010    0.000 |
   16 |    22 -      gamma |  1 |   11   11   -1   -1 |  1  0 |   0.010     -3.274 -1.612 |     -0.000     -0.010     -0.134   -0.000 |
   17 |     1 -          d | 73 |    0    1   20   20 |  2  1 |   7.638     -2.560  2.565 |     -6.403      4.165    -49.093    0.528 |
   18 |    21 -          g | 72 |    1    1   45   48 |  1  2 |   5.430     -3.129  1.443 |      0.693      5.386    -61.918    0.000 |
   19 |    21 -          g | 72 |    0    1   45   48 |  2  2 |   5.339      0.441  1.801 |     -1.221      5.198      2.434    0.000 |
   20 |     1 -          d | 71 |   17   17   49   50 |  1  2 |   7.638     -2.560  2.565 |     -6.403      4.165    -49.093    0.528 |
   21 |    -2 -       ubar | 71 |    0    0   49   50 |  1  2 |   1.021     -2.375 -2.667 |     -0.908     -0.467     -5.440    0.330 |
   22 |    -1 -       dbar | 71 |    0    0   -1   -1 |  1  0 |   5.314      4.862  2.902 |     -5.163      1.259    343.640    0.330 |
   23 |     2 -          u | 71 |   10   10   -1   -1 |  1  0 |  88.158     -2.092  2.321 |    -60.098     64.498   -351.481    0.519 |
   24 |    21 -          g | 71 |   10   10   -1   -1 |  1  0 |  14.169     -1.968  2.248 |     -8.874     11.047    -49.716    0.000 |
   25 |  2212 -         p+ |  1 |    0    1   -1   -1 |  2  0 |   0.389      1.366 -3.106 |     -0.388     -0.014      0.712    0.938 |
   26 |     1 -          d | 71 |    0    1   -1   -1 |  2  0 |  13.745     -3.909 -1.775 |     -2.793    -13.458   -342.544    0.330 |
   27 |     2 -          u | 71 |    9    9   32   33 |  1  2 |  15.211     -0.516 -0.940 |      8.971    -12.284     -8.195    0.330 |
   28 |    21 -          g | 71 |    9    9   32   33 |  1  2 |  11.078     -0.613 -0.653 |      8.801     -6.728     -7.225   -0.000 |
   29 |    21 -          g | 71 |    9    9   32   33 |  1  2 |   5.063     -0.428 -0.862 |      3.295     -3.844     -2.237   -0.000 |
   30 |    21 -          g | 71 |    0    1   32   33 |  2  2 |   7.010      0.025 -0.703 |      5.349     -4.531      0.174    0.447 |
   31 |    -4 -       cbar | 71 |    1    1   32   33 |  1  2 |   6.025     -1.954 -2.597 |     -5.153     -3.122    -20.834    1.500 |
   32 |  2212 -         p+ |  1 |    0   31   -1   -1 |  8  0 |   7.162     -0.525 -0.889 |      4.515     -5.559     -3.939    0.938 |
   33 |  -413 -        D*- |  2 |    0   31   51   51 |  8  1 |   3.786     -2.015 -2.589 |     -3.222     -1.988    -13.940    2.010 |
   34 |     4 -          c | 71 |    1    1   36   46 |  1  2 |   4.047     -3.225  0.086 |      4.032      0.347    -50.825    1.500 |
   35 |    21 -          g | 71 |    0    1   36   46 |  2  2 |   5.460     -3.208  1.659 |     -0.482      5.439    -67.383    0.000 |
   36 |   421 -         D0 |  2 |    0   35   -1   -1 |  5  0 |   2.888     -3.393 -0.122 |      2.866     -0.352    -42.904    1.865 |
   37 |    21 -          g | 71 |    0    1   -1   -1 |  2  0 |   5.381     -2.787 -2.384 |     -3.911     -3.696    -43.522    0.381 |
   38 |     2 -          u | 71 |    0    0   52   53 |  1  2 |   7.154     -1.981  2.298 |     -4.756      5.344    -25.434    0.330 |
   39 |    21 -          g | 71 |    0    0   52   53 |  1  2 |   5.739     -1.257 -2.642 |     -5.037     -2.750     -9.270    0.000 |
   40 |    21 -          g | 71 |    0    1   52   53 |  2  2 |   5.550      3.254 -0.815 |      3.807     -4.038     71.765    0.000 |
   41 |    -3 -       sbar | 71 |    1    1   52   53 |  1  2 |   5.832      1.950  2.037 |     -2.624      5.208     20.082    0.500 |
   42 |    21 -          g | 71 |    0    1   43   44 |  2  2 |   9.147     -1.895  0.584 |      7.633      5.041    -29.730   -0.000 |
   43 |  2212 -         p+ |  1 |    0   42   -1   -1 |  3  0 |   0.623      3.803 -1.771 |     -0.124     -0.610     13.953    0.938 |
   44 |  2212 -         p+ |  1 |    0   42   -1   -1 |  3  0 |   0.946      0.241  1.040 |      0.479      0.816      0.230    0.938 |
   45 |  2212 -         p+ |  1 |    0   19   -1   -1 |  4  0 |   0.280     -3.002  2.499 |     -0.225      0.168     -2.815    0.938 |
   46 |   310 -       K_S0 |  1 |    0   35   -1   -1 |  5  0 |   1.701     -2.251  0.363 |      1.590      0.604     -7.986    0.498 |
   47 |  2212 -         p+ |  1 |    0    1   -1   -1 |  2  0 |   0.232      2.733 -0.392 |      0.214     -0.088      1.772    0.938 |
   48 |   310 -       K_S0 |  1 |    0   19   -1   -1 |  4  0 |   1.216      0.393  2.091 |     -0.605      1.055      0.490    0.498 |
   49 |    11 -         e- |  1 |   20   21   -1   -1 |  2  0 |   0.071     -2.697  2.412 |     -0.053      0.047     -0.521    0.001 |
   50 |   -11 -         e+ |  1 |   20   21   -1   -1 |  2  0 |   0.378     -2.679  2.423 |     -0.285      0.249     -2.744    0.001 |
   51 |  -421 -      Dbar0 |  2 |   33   33   -1   -1 |  1  0 |   3.574     -2.007 -2.595 |     -3.054     -1.857    -13.062    1.865 |
   52 |    11 -         e- |  1 |    0   41   -1   -1 |  6  0 |   0.889     -1.901  2.237 |     -0.550      0.699     -2.909    0.001 |
   53 |   -11 -         e+ |  1 |    0   41   -1   -1 |  6  0 |   0.023     -1.847  2.411 |     -0.017      0.016     -0.072    0.001 |

[ParticleListDrawer] analysing particle collection prunedGenParticles
 idx  |    ID -       Name |Stat|  Mo1  Mo2  Da1  Da2 |nMo nDa|    pt       eta     phi   |     px         py         pz        m     |
    0 |  2212 -         p+ |  4 |   -1   -1    2   20 |  0  4 |   0.000  29256.000  0.000 |      0.000      0.000   6500.000    0.938 |
    1 |  2212 -         p+ |  4 |   -1   -1    3   32 |  0  9 |   0.000 -29256.000  0.000 |      0.000      0.000  -6500.000    0.938 |
    2 |     5 -          b | 21 |    0    0    4    6 |  1  3 |   0.000  22866.490  0.000 |      0.000      0.000    110.490    0.000 |
    3 |    21 -          g | 21 |    1    1    4    6 |  1  3 |   0.000 -23549.914  0.000 |      0.000      0.000   -793.914    0.000 |
    4 |   -11 -         e+ | 23 |    2    3    9    9 |  2  1 | 140.724     -0.696 -0.261 |    135.972    -36.263   -106.064    0.001 |
    5 |    11 -         e- | 23 |    2    3    7    7 |  2  1 |  86.374      0.541  2.952 |    -84.823     16.292     49.069    0.001 |
    6 |     5 -          b | 23 |    2    3    8    8 |  2  1 |  54.909     -3.129  2.769 |    -51.149     19.971   -626.428    4.800 |
    7 |    11 -         e- | 44 |    5    5   10   12 |  1  3 |  93.545      0.470  2.844 |    -89.441     27.403     45.583    0.001 |
    8 |     5 -          b | 44 |    6    6   13   32 |  1  7 |  54.651     -3.136  2.735 |    -50.202     21.597   -627.765    4.800 |
    9 |   -11 -         e+ |  1 |    4    4   -1   -1 |  1  0 | 130.753     -0.648 -0.243 |    126.900    -31.505    -90.853    0.001 |
   10 |    11 -         e- |  1 |    7    7   -1   -1 |  1  0 |  91.234      0.388  2.754 |    -84.459     34.503     36.249    0.001 |
   11 |    22 -      gamma |  1 |    7    7   -1   -1 |  1  0 |  13.810      0.203 -2.023 |     -6.037    -12.420      2.819    0.000 |
   12 |    22 -      gamma |  1 |    7    7   -1   -1 |  1  0 |   0.086      0.388  2.754 |     -0.080      0.033      0.034   -0.000 |
   13 |     5 -          b | 71 |    8    8   15   15 |  1  1 |  27.895     -3.194  2.644 |    -24.511     13.318   -339.578    4.800 |
   14 |    -2 -       ubar | 71 |    8    8   15   15 |  1  1 |  18.100     -3.128  2.788 |    -16.978      6.271   -206.104    0.330 |
   15 |  -511 -      Bbar0 |  2 |   13   14   27   29 |  2  3 |  33.873     -3.169  2.674 |    -30.238     15.266   -402.258    5.280 |
   16 |    21 -          g | 71 |    0    0   -1   -1 |  1  0 |   6.544      2.722  0.611 |      5.360      3.754     49.547    0.000 |
   17 |     2 -          u | 71 |    1    1   18   25 |  1  2 |  11.275     -4.576  2.315 |     -7.634      8.297   -547.582    0.330 |
   18 |  2212 -         p+ |  1 |    1   17   -1   -1 |  2  0 |   0.342     -2.595 -2.161 |     -0.190     -0.284     -2.278    0.938 |
   19 |     2 -          u | 71 |    0    0   21   21 |  1  1 |   1.133      6.305 -2.159 |     -0.628     -0.942    310.015    0.330 |
   20 |    -5 -       bbar | 71 |    0    0   21   21 |  1  1 |  18.295      0.454 -1.251 |      5.759    -17.365      8.586    4.800 |
   21 |   523 -        B*+ |  2 |   19   20   30   30 |  2  1 |  17.080      0.444 -1.262 |      5.187    -16.273      7.836    5.325 |
   22 |     2 -          u | 71 |    8    8   24   32 |  1  4 |   6.820     -3.045  2.735 |     -6.263      2.699    -71.481    0.330 |
   23 |  2101 -       ud_0 | 71 |    1    1   24   32 |  1  4 |   0.808     -9.312  0.758 |      0.587      0.556  -4475.507    0.579 |
   24 |  2212 -         p+ |  1 |    1   23   -1   -1 |  4  0 |   0.430     -8.257 -0.281 |      0.413     -0.119   -829.042    0.938 |
   25 |  2212 -         p+ |  1 |    1   17   -1   -1 |  2  0 |   0.490     -2.858 -1.338 |      0.113     -0.477     -4.261    0.938 |
   26 |   310 -       K_S0 |  1 |    1   23   -1   -1 |  4  0 |   1.717     -1.809 -1.054 |      0.848     -1.492     -5.098    0.498 |
   27 |   -12 -    nu_ebar |  1 |   15   15   -1   -1 |  1  0 |  18.268     -3.087  2.718 |    -16.656      7.504   -199.759   -0.000 |
   28 |    11 -         e- |  1 |   15   15   -1   -1 |  1  0 |   5.368     -3.279  2.757 |     -4.975      2.016    -71.128    0.001 |
   29 |   413 -        D*+ |  2 |   15   15   33   33 |  1  1 |  10.349     -3.236  2.553 |     -8.607      5.746   -131.370    2.010 |
   30 |   521 -         B+ |  2 |   21   21   34   37 |  1  3 |  17.067      0.442 -1.262 |      5.185    -16.260      7.800    5.279 |
   31 |    11 -         e- |  1 |    1   23   -1   -1 |  4  0 |   0.483     -2.489 -1.257 |      0.149     -0.459     -2.890    0.001 |
   32 |   -11 -         e+ |  1 |    1   23   -1   -1 |  4  0 |   0.715     -2.492 -1.251 |      0.225     -0.678     -4.289    0.001 |
   33 |   421 -         D0 |  2 |   29   29   -1   -1 |  1  0 |   9.451     -3.238  2.555 |     -7.872      5.229   -120.224    1.865 |
   34 |  -423 -     D*bar0 |  2 |   30   30   35   35 |  1  1 |   9.100      0.372 -1.046 |      4.558     -7.876      3.461    2.007 |
   35 |  -421 -      Dbar0 |  2 |   34   34   38   38 |  1  1 |   8.551      0.367 -1.047 |      4.274     -7.407      3.212    1.865 |
   36 |    11 -         e- |  1 |   30   30   -1   -1 |  1  0 |   0.114      0.582 -1.522 |      0.006     -0.113      0.070    0.001 |
   37 |   -11 -         e+ |  1 |   30   30   -1   -1 |  1  0 |   2.445      0.588 -1.519 |      0.128     -2.442      1.521    0.001 |
   38 |   310 -       K_S0 |  1 |   35   35   -1   -1 |  1  0 |   5.038      0.361 -0.957 |      2.902     -4.118      1.860    0.498 |

[ParticleListDrawer] analysing particle collection prunedGenParticles
 idx  |    ID -       Name |Stat|  Mo1  Mo2  Da1  Da2 |nMo nDa|    pt       eta     phi   |     px         py         pz        m     |
    0 |  2212 -         p+ |  4 |   -1   -1    2   49 |  0 10 |   0.000  29256.000  0.000 |      0.000      0.000   6500.000    0.938 |
    1 |  2212 -         p+ |  4 |   -1   -1    3   49 |  0 10 |   0.000 -29256.000  0.000 |      0.000      0.000  -6500.000    0.938 |
    2 |    21 -          g | 21 |    0    0    4    8 |  1  5 |   0.000  23290.055  0.000 |      0.000      0.000    534.055    0.000 |
    3 |    -2 -       ubar | 21 |    1    1    4    8 |  1  5 |   0.000 -23301.814  0.000 |      0.000      0.000   -545.814    0.000 |
    4 |   -13 -        mu+ | 23 |    2    3   12   12 |  2  1 | 126.547     -1.477  1.064 |     61.400    110.653   -262.557    0.106 |
    5 |    13 -        mu- | 23 |    2    3   10   10 |  2  1 | 159.599     -1.161 -2.281 |   -104.015   -121.048   -229.718    0.106 |
    6 |    -2 -       ubar | 23 |    2    3    9    9 |  2  1 |  40.191      0.513  1.495 |      3.024     40.077     21.549    0.330 |
    7 |    21 -          g | 23 |    2    3   11   42 |  2  8 |  47.453      2.920 -0.481 |     42.067    -21.957    438.643    0.000 |
    8 |    21 -          g | 23 |    2    3   27   35 |  2  9 |   8.112      1.649 -1.881 |     -2.477     -7.725     20.323   -0.000 |
    9 |    -2 -       ubar | 44 |    6    6   18   19 |  1  2 |  38.852      0.532  1.517 |      2.099     38.795     21.645    0.330 |
   10 |    13 -        mu- | 44 |    5    5   14   17 |  1  3 | 169.569     -1.111 -2.285 |   -111.109   -128.096   -229.719    0.106 |
   11 |    21 -          g | 44 |    7    7   24   44 |  1  3 |  33.783      2.975 -0.795 |     23.669    -24.105    330.022    0.000 |
   12 |   -13 -        mu+ | 52 |    4    4   13   16 |  1  2 | 116.769     -1.549  1.089 |     54.071    103.496   -262.463    0.106 |
   13 |   -13 -        mu+ |  1 |   12   12   -1   -1 |  1  0 | 117.035     -1.547  1.088 |     54.305    103.673   -262.409    0.106 |
   14 |    13 -        mu- |  1 |   10   10   -1   -1 |  1  0 | 169.287     -1.113 -2.285 |   -110.873   -127.926   -229.777    0.106 |
   15 |    22 -      gamma |  1 |   10   10   -1   -1 |  1  0 |   0.010     -1.117 -2.287 |     -0.007     -0.008     -0.014    0.000 |
   16 |    22 -      gamma |  1 |   12   12   -1   -1 |  1  0 |   0.000     -1.581  1.169 |      0.000      0.000     -0.000    0.000 |
   17 |    22 -      gamma |  1 |   10   10   -1   -1 |  1  0 |   0.000     -1.266 -2.313 |     -0.000     -0.000     -0.000    0.000 |
   18 |    21 -          g | 71 |    9    9   -1   -1 |  1  0 |   7.387      0.822  1.180 |      2.816      6.829      6.784    0.000 |
   19 |    -2 -       ubar | 71 |    9    9   -1   -1 |  1  0 |  26.670      0.468  1.554 |      0.452     26.666     12.942    0.755 |
   20 |     2 -          u | 71 |    0    0   -1   -1 |  1  0 |  10.684      5.302  0.857 |      6.997      8.074   1072.366    0.330 |
   21 |    21 -          g | 71 |    0    0   -1   -1 |  1  0 |   9.642      5.201  0.905 |      5.957      7.581    874.901    0.000 |
   22 |    21 -          g | 71 |    1    1   23   23 |  1  1 |   8.297     -3.778  3.110 |     -8.293      0.258   -181.372    0.000 |
   23 |  2212 -         p+ |  1 |    0   22   -1   -1 |  3  0 |   1.882     -3.872 -2.900 |     -1.827     -0.451    -45.166    0.938 |
   24 |     3 -          s | 71 |   11   11   45   49 |  1  5 |  16.296      2.995 -0.819 |     11.133    -11.901    162.502    0.500 |
   25 |    21 -          g | 71 |    7    7   45   49 |  1  5 |   0.633      2.866 -1.635 |     -0.041     -0.632      5.539    0.000 |
   26 |    21 -          g | 71 |    7    7   45   49 |  1  5 |   6.163      2.330 -0.894 |      3.860     -4.804     31.386    0.000 |
   27 |    21 -          g | 71 |    8    8   45   49 |  1  5 |   0.527      1.932 -0.829 |      0.356     -0.389      1.781   -0.000 |
   28 |    21 -          g | 71 |    8    8   45   49 |  1  5 |   0.363      2.851  1.641 |     -0.026      0.362      3.131   -0.000 |
   29 |    21 -          g | 71 |    8    8   45   49 |  1  5 |   0.913      2.541 -1.888 |     -0.285     -0.867      5.755    0.000 |
   30 |    21 -          g | 71 |    8    8   45   49 |  1  5 |   4.905      2.248 -2.443 |     -3.756     -3.155     22.953    0.000 |
   31 |    21 -          g | 71 |    8    8   45   49 |  1  5 |   6.847      2.214 -2.304 |     -4.581     -5.088     30.959   -0.000 |
   32 |    21 -          g | 71 |    8    8   45   49 |  1  5 |   1.764      2.392 -2.569 |     -1.483     -0.956      9.564   -0.000 |
   33 |    21 -          g | 71 |    8    8   45   49 |  1  5 |   1.867      2.878 -3.111 |     -1.866     -0.057     16.539    0.000 |
   34 |    21 -          g | 71 |    8    8   45   49 |  1  5 |   3.465      4.305 -0.210 |      3.389     -0.721    128.230    0.000 |
   35 |    21 -          g | 71 |    8    8   45   49 |  1  5 |   8.239      4.186  0.318 |      7.827      2.573    270.845   -0.000 |
   36 |    21 -          g | 71 |    0    1   45   49 |  2  5 |  11.787     -0.533  0.094 |     11.736      1.104     -6.579    0.000 |
   37 |    21 -          g | 71 |    1    1   45   49 |  1  5 |   5.996     -0.971  1.271 |      1.769      5.729     -6.781    0.000 |
   38 |    21 -          g | 71 |    7    7   45   49 |  1  5 |   2.001      2.347 -0.910 |      1.228     -1.580     10.362    0.000 |
   39 |    21 -          g | 71 |    7    7   45   49 |  1  5 |   0.617      1.828 -0.051 |      0.616     -0.032      1.871   -0.000 |
   40 |    21 -          g | 71 |    7    7   45   49 |  1  5 |   0.778      3.279  0.902 |      0.482      0.611     10.315    0.000 |
   41 |    21 -          g | 71 |    7    7   45   49 |  1  5 |   1.086      3.576 -0.242 |      1.054     -0.260     19.384    0.000 |
   42 |    21 -          g | 71 |    7    7   45   49 |  1  5 |   3.213      2.863 -1.352 |      0.698     -3.136     28.046   -0.000 |
   43 |    21 -          g | 71 |   11   11   45   49 |  1  5 |  12.014      2.984 -0.796 |      8.409     -8.580    118.476   -0.000 |
   44 |    -3 -       sbar | 71 |   11   11   45   49 |  1  5 |   5.152      2.845 -0.756 |      3.749     -3.533     44.165    0.500 |
   45 |  2212 -         p+ |  1 |    0   44   -1   -1 | 23  0 |   0.799      4.659 -0.023 |      0.799     -0.018     42.179    0.938 |
   46 |  2212 -         p+ |  1 |    0   44   -1   -1 | 23  0 |   2.386     -1.709  0.671 |      1.869      1.483     -6.375    0.938 |
   47 |  2212 -         p+ |  1 |    0   44   -1   -1 | 23  0 |   0.289      1.993 -2.359 |     -0.205     -0.203      1.039    0.938 |
   48 |  2212 -         p+ |  1 |    0   44   -1   -1 | 23  0 |   1.115      0.524  0.177 |      1.097      0.196      0.611    0.938 |
   49 |  2212 -         p+ |  1 |    0   44   -1   -1 | 23  0 |   0.776     -3.618 -2.586 |     -0.659     -0.409    -14.448    0.938 |

[ParticleListDrawer] analysing particle collection prunedGenParticles
 idx  |    ID -       Name |Stat|  Mo1  Mo2  Da1  Da2 |nMo nDa|    pt       eta     phi   |     px         py         pz        m     |
    0 |  2212 -         p+ |  4 |   -1   -1    2   30 |  0  5 |   0.000  29256.000  0.000 |      0.000      0.000   6500.000    0.938 |
    1 |  2212 -         p+ |  4 |   -1   -1    3   30 |  0  4 |   0.000 -29256.000  0.000 |      0.000      0.000  -6500.000    0.938 |
    2 |    -1 -       dbar | 21 |    0    0    4    7 |  1  4 |   0.000  23167.201  0.000 |      0.000      0.000    411.201    0.000 |
    3 |     1 -          d | 21 |    1    1    4    7 |  1  4 |   0.000 -22953.357  0.000 |      0.000      0.000   -197.357    0.000 |
    4 |   -13 -        mu+ | 23 |    2    3   10   10 |  2  1 | 108.377      0.281 -0.151 |    107.148    -16.269     30.877    0.106 |
    5 |    13 -        mu- | 23 |    2    3   11   11 |  2  1 |  75.209     -1.342 -2.819 |    -71.329    -23.847   -134.097    0.106 |
    6 |    21 -          g | 23 |    2    3    9   25 |  2  9 |  64.815      1.111  1.609 |     -2.465     64.768     87.767   -0.000 |
    7 |    21 -          g | 23 |    2    3    8    8 |  2  1 |  41.475      2.411 -2.505 |    -33.355    -24.651    229.296    0.000 |
    8 |    21 -          g | 44 |    7    7   16   29 |  1  3 |  47.053      2.290 -2.646 |    -41.393    -22.375    229.927    0.000 |
    9 |    21 -          g | 51 |    6    6   17   17 |  1  1 |  23.328      0.542  1.659 |     -2.046     23.238     13.269   -0.000 |
   10 |   -13 -        mu+ | 44 |    4    4   12   14 |  1  2 | 107.573      0.330 -0.145 |    106.450    -15.499     36.192    0.106 |
   11 |    13 -        mu- | 52 |    5    5   13   15 |  1  2 |  69.091     -1.426 -2.798 |    -65.063    -23.246   -135.416    0.106 |
   12 |   -13 -        mu+ |  1 |   10   10   -1   -1 |  1  0 | 107.384      0.329 -0.141 |    106.324    -15.054     35.973    0.106 |
   13 |    13 -        mu- |  1 |   11   11   -1   -1 |  1  0 |  69.273     -1.422 -2.805 |    -65.392    -22.861   -135.267    0.106 |
   14 |    22 -      gamma |  1 |   10   10   -1   -1 |  1  0 |   0.128      0.328 -0.135 |      0.127     -0.017      0.043   -0.000 |
   15 |    22 -      gamma |  1 |   11   11   -1   -1 |  1  0 |   0.003     -1.382 -2.728 |     -0.003     -0.001     -0.006    0.000 |
   16 |     2 -          u | 71 |    8    8   -1   -1 |  1  0 |  29.227      2.198 -2.648 |    -25.745    -13.835    130.047    0.330 |
   17 |     3 -          s | 71 |    9    9   -1   -1 |  1  0 |  21.619      0.619  1.642 |     -1.531     21.564     14.261    0.500 |
   18 |    21 -          g | 71 |    6    6   -1   -1 |  1  0 |  13.365      0.983  1.372 |      2.639     13.102     15.352   -0.000 |
   19 |    21 -          g | 71 |    6    6   -1   -1 |  1  0 |   3.105      0.795  1.259 |      0.954      2.955      2.735   -0.000 |
   20 |    21 -          g | 71 |    6    6   -1   -1 |  1  0 |   2.335      1.259  1.201 |      0.844      2.177      3.780   -0.000 |
   21 |    21 -          g | 71 |    6    6   -1   -1 |  1  0 |   1.043      2.092  1.025 |      0.542      0.892      4.164   -0.000 |
   22 |    21 -          g | 71 |    6    6   -1   -1 |  1  0 |   2.016      1.461  2.165 |     -1.129      1.670      4.110    0.000 |
   23 |    21 -          g | 71 |    6    6   -1   -1 |  1  0 |  11.913      1.459  1.948 |     -4.389     11.075     24.238    0.323 |
   24 |    21 -          g | 71 |    6    6   -1   -1 |  1  0 |   1.552      1.214  1.626 |     -0.086      1.550      2.382   -0.000 |
   25 |    21 -          g | 71 |    6    6   -1   -1 |  1  0 |   5.120      1.700  2.022 |     -2.233      4.607     13.549   -0.000 |
   26 |     1 -          d | 71 |    0    0   27   27 |  1  1 |  14.530      2.374 -0.081 |     14.482     -1.179     77.319    0.330 |
   27 |  2212 -         p+ |  1 |    0   26   -1   -1 |  3  0 |   0.253      9.688 -0.415 |      0.231     -0.102   2038.898    0.938 |
   28 |    -2 -       ubar | 71 |    8    8   29   29 |  1  1 |  15.468      2.543 -2.645 |    -13.603     -7.364     97.715    0.330 |
   29 |  2212 -         p+ |  1 |    0   28   -1   -1 |  4  0 |   0.722     -3.580 -2.684 |     -0.648     -0.319    -12.947    0.938 |
   30 |  2212 -         p+ |  1 |    0    1   -1   -1 |  2  0 |   0.219    -10.314  0.694 |      0.168      0.140  -3302.984    0.938 |

[ParticleListDrawer] analysing particle collection prunedGenParticles
 idx  |    ID -       Name |Stat|  Mo1  Mo2  Da1  Da2 |nMo nDa|    pt       eta     phi   |     px         py         pz        m     |
    0 |  2212 -         p+ |  4 |   -1   -1    2   24 |  0  3 |   0.000  29256.000  0.000 |      0.000      0.000   6500.000    0.938 |
    1 |  2212 -         p+ |  4 |   -1   -1    3   23 |  0  2 |   0.000 -29256.000  0.000 |      0.000      0.000  -6500.000    0.938 |
    2 |    21 -          g | 21 |    0    0    4    7 |  1  4 |   0.000  22792.984  0.000 |      0.000      0.000     36.984    0.000 |
    3 |     2 -          u | 21 |    1    1    4    7 |  1  4 |   0.000 -23415.611  0.000 |      0.000      0.000   -659.611    0.000 |
    4 |   -15 -       tau+ | 23 |    2    3   10   10 |  2  1 |  62.835     -0.123 -2.766 |    -58.463    -23.028     -7.776    1.777 |
    5 |    15 -       tau- | 23 |    2    3   11   11 |  2  1 |  61.023     -2.848  0.019 |     61.012      1.144   -524.462    1.777 |
    6 |     2 -          u | 23 |    2    3    8    8 |  2  1 |   9.730     -2.560 -1.788 |     -2.094     -9.502    -62.535    0.330 |
    7 |    21 -          g | 23 |    2    3    9   22 |  2  9 |  31.390     -0.799  1.585 |     -0.455     31.386    -27.853    0.000 |
    8 |     2 -          u | 52 |    6    6   12   13 |  1  2 |   9.639     -2.522 -1.797 |     -2.160     -9.394    -59.636    0.330 |
    9 |    21 -          g | 51 |    7    7   16   24 |  1  2 |   9.069     -0.986  1.999 |     -3.768      8.249    -10.458   -0.000 |
   10 |   -15 -       tau+ |  2 |    4    4   25   27 |  1  3 |  61.433     -0.103 -2.848 |    -58.808    -17.767     -6.358    1.777 |
   11 |    15 -       tau- |  2 |    5    5   28   31 |  1  4 |  59.353     -2.883 -0.027 |     59.332     -1.590   -528.454    1.777 |
   12 |     2 -          u | 71 |    8    8   -1   -1 |  1  0 |   1.948     -3.037 -2.144 |     -1.057     -1.636    -20.247    0.330 |
   13 |    21 -          g | 71 |    8    8   -1   -1 |  1  0 |   5.246     -2.206 -1.985 |     -2.111     -4.802    -23.516   -0.000 |
   14 |    21 -          g | 71 |    7    7   -1   -1 |  1  0 |   0.871     -1.186  1.308 |      0.226      0.841     -1.292    0.088 |
   15 |    21 -          g | 71 |    7    7   -1   -1 |  1  0 |   1.642     -0.452  2.201 |     -0.968      1.327     -0.768   -0.000 |
   16 |    -3 -       sbar | 71 |    9    9   -1   -1 |  1  0 |   7.468     -0.946  1.955 |     -2.796      6.924     -8.169    0.500 |
   17 |    21 -          g | 71 |    7    7   24   24 |  1  1 |   8.764     -0.776  1.345 |      1.959      8.542     -7.508   -0.000 |
   18 |    21 -          g | 71 |    7    7   24   24 |  1  1 |   3.560     -1.009  1.412 |      0.563      3.515     -4.234    0.000 |
   19 |    21 -          g | 71 |    7    7   24   24 |  1  1 |   0.404     -0.160  1.571 |      0.000      0.404     -0.065   -0.000 |
   20 |    21 -          g | 71 |    7    7   24   24 |  1  1 |   7.216     -1.004  1.441 |      0.937      7.155     -8.520    0.299 |
   21 |    21 -          g | 71 |    7    7   24   24 |  1  1 |   0.753     -0.855  0.697 |      0.578      0.483     -0.726   -0.000 |
   22 |    21 -          g | 71 |    7    7   24   24 |  1  1 |   0.703      0.115  1.841 |     -0.188      0.678      0.081   -0.000 |
   23 |  2212 -         p+ |  1 |    0    1   -1   -1 |  2  0 |   1.959      2.502 -0.437 |      1.775     -0.829     11.875    0.938 |
   24 |  2212 -         p+ |  1 |    0   22   -1   -1 |  8  0 |   0.961     -0.751  2.129 |     -0.509      0.815     -0.791    0.938 |
   25 |   -16 -  nu_taubar |  1 |   10   10   -1   -1 |  1  0 |  50.259     -0.098 -2.839 |    -47.974    -14.981     -4.928   -0.000 |
   26 |   -13 -        mu+ |  1 |   10   10   -1   -1 |  1  0 |   6.045     -0.163 -2.899 |     -5.868     -1.453     -0.990    0.106 |
   27 |    14 -      nu_mu |  1 |   10   10   -1   -1 |  1  0 |   5.142     -0.085 -2.879 |     -4.967     -1.333     -0.439   -0.000 |
   28 |    16 -     nu_tau |  1 |   11   11   -1   -1 |  1  0 |  36.875     -2.889 -0.023 |     36.866     -0.849   -330.341   -0.000 |
   29 |   111 -        pi0 |  2 |   11   11   32   33 |  1  2 |   2.318     -2.900  0.001 |      2.318      0.003    -21.004    0.135 |
   30 |   111 -        pi0 |  2 |   11   11   34   35 |  1  2 |  13.601     -2.884 -0.015 |     13.599     -0.204   -121.299    0.135 |
   31 |  -211 -        pi- |  1 |   11   11   -1   -1 |  1  0 |   6.572     -2.836 -0.082 |      6.549     -0.540    -55.810    0.140 |
   32 |    22 -      gamma |  1 |   29   29   -1   -1 |  1  0 |   2.235     -2.889 -0.005 |      2.235     -0.011    -20.023   -0.000 |
   33 |    22 -      gamma |  1 |   29   29   -1   -1 |  1  0 |   0.084     -3.149  0.165 |      0.083      0.014     -0.980   -0.000 |
   34 |    22 -      gamma |  1 |   30   30   -1   -1 |  1  0 |   2.135     -2.907 -0.018 |      2.135     -0.038    -19.486   -0.000 |
   35 |    22 -      gamma |  1 |   30   30   -1   -1 |  1  0 |  11.465     -2.880 -0.014 |     11.464     -0.166   -101.814   -0.000 |

[ParticleListDrawer] analysing particle collection prunedGenParticles
 idx  |    ID -       Name |Stat|  Mo1  Mo2  Da1  Da2 |nMo nDa|    pt       eta     phi   |     px         py         pz        m     |
    0 |  2212 -         p+ |  4 |   -1   -1    2   35 |  0 20 |   0.000  29256.000  0.000 |      0.000      0.000   6500.000    0.938 |
    1 |  2212 -         p+ |  4 |   -1   -1    3   35 |  0 17 |   0.000 -29256.000  0.000 |      0.000      0.000  -6500.000    0.938 |
    2 |    21 -          g | 21 |    0    0    4    6 |  1  3 |   0.000  23320.154  0.000 |      0.000      0.000    564.154    0.000 |
    3 |    -1 -       dbar | 21 |    1    1    4    6 |  1  3 |   0.000 -22936.789  0.000 |      0.000      0.000   -180.789    0.000 |
    4 |   -13 -        mu+ | 23 |    2    3    7    7 |  2  1 |  95.695     -1.286  0.594 |     79.281     53.592   -159.926    0.106 |
    5 |    13 -        mu- | 23 |    2    3   10   10 |  2  1 |  33.590      1.103 -2.843 |    -32.107     -9.870     45.037    0.106 |
    6 |    -1 -       dbar | 23 |    2    3    8    8 |  2  1 |  64.320      2.745 -2.394 |    -47.174    -43.722    498.255    0.330 |
    7 |   -13 -        mu+ | 44 |    4    4    9   11 |  1  2 |  87.642     -1.378  0.505 |     76.693     42.417   -162.797    0.106 |
    8 |    -1 -       dbar | 44 |    6    6   14   28 |  1  3 |  42.246      3.175 -2.709 |    -38.346    -17.730    504.415    0.330 |
    9 |   -13 -        mu+ |  1 |    7    7   -1   -1 |  1  0 |  87.501     -1.380  0.514 |     76.200     43.011   -162.851    0.106 |
   10 |    13 -        mu- |  1 |    5    5   -1   -1 |  1  0 |  32.221      1.163 -2.908 |    -31.349     -7.445     46.525    0.106 |
   11 |    22 -      gamma |  1 |    7    7   -1   -1 |  1  0 |   0.000     -1.076  0.391 |      0.000      0.000     -0.000   -0.000 |
   12 |     2 -          u | 73 |    0    0   16   16 |  1  1 |   1.029      8.013  1.568 |      0.003      1.029   1553.253    0.785 |
   13 |  2212 -         p+ |  1 |    0    1   -1   -1 |  2  0 |   0.303     -7.303  1.001 |      0.164      0.255   -225.206    0.938 |
   14 |    21 -          g | 71 |    8    8   28   28 |  1  1 |   9.354      3.426 -2.636 |     -8.186     -4.527    143.738    0.000 |
   15 |    -1 -       dbar | 71 |    8    8   28   28 |  1  1 |  30.644      3.119 -2.713 |    -27.876    -12.728    345.915    0.608 |
   16 |     2 -          u | 71 |   12   12   19   35 |  1  4 |   1.029      8.013  1.568 |      0.003      1.029   1553.253    0.785 |
   17 |    21 -          g | 71 |    1    1   19   35 |  1  4 |   5.211     -2.839  1.456 |      0.597      5.176    -44.414   -0.000 |
   18 |    -2 -       ubar | 71 |    0    0   19   35 |  1  4 |   9.729      2.698 -1.935 |     -3.464     -9.091     71.874    0.330 |
   19 |  2212 -         p+ |  1 |    0   18   -1   -1 |  5  0 |   0.399      2.233 -0.943 |      0.235     -0.323      1.841    0.938 |
   20 |     2 -          u | 71 |    0    0   24   33 |  1  7 |   0.431      8.935 -2.458 |     -0.334     -0.272   1635.304    0.330 |
   21 |    21 -          g | 71 |    0    0   24   33 |  1  7 |  14.336      2.209 -1.725 |     -2.207    -14.166     64.517    0.000 |
   22 |     2 -          u | 71 |    0    0   24   33 |  1  7 |   5.758      2.474  3.104 |     -5.754      0.219     33.918    0.330 |
   23 |     1 -          d | 71 |    1    1   24   33 |  1  7 |   0.610     -7.722  2.467 |     -0.476      0.381   -687.929    0.330 |
   24 |  2212 -         p+ |  1 |    0   23   -1   -1 |  6  0 |   0.310      2.774 -1.032 |      0.159     -0.266      2.472    0.938 |
   25 |  2212 -         p+ |  1 |    0   23   -1   -1 |  6  0 |   0.480      4.011  2.706 |     -0.435      0.203     13.250    0.938 |
   26 |  2212 -         p+ |  1 |    0   23   -1   -1 |  6  0 |   0.434      3.581  2.271 |     -0.280      0.332      7.789    0.938 |
   27 |   310 -       K_S0 |  1 |    0    1   -1   -1 |  2  0 |   1.129     -0.935 -0.273 |      1.087     -0.304     -1.216    0.498 |
   28 |  2212 -         p+ |  1 |    0   15   -1   -1 |  5  0 |   0.981     -2.724  1.340 |      0.225      0.955     -7.446    0.938 |
   29 |  2212 -         p+ |  1 |    0   18   -1   -1 |  5  0 |   0.637     -2.256  1.713 |     -0.090      0.631     -3.007    0.938 |
   30 |  2212 -         p+ |  1 |    0   23   -1   -1 |  6  0 |   1.245      2.346 -2.019 |     -0.540     -1.122      6.443    0.938 |
   31 |   310 -       K_S0 |  1 |    0   23   -1   -1 |  6  0 |   1.323     -2.141 -2.933 |     -1.294     -0.273     -5.546    0.498 |
   32 |    11 -         e- |  1 |    0   23   -1   -1 |  6  0 |   0.042      8.145  2.930 |     -0.041      0.009     71.984    0.001 |
   33 |   -11 -         e+ |  1 |    0   23   -1   -1 |  6  0 |   0.001      5.793  1.026 |      0.000      0.001      0.115    0.001 |
   34 |    11 -         e- |  1 |    0   18   -1   -1 |  5  0 |   0.094      6.678 -2.320 |     -0.064     -0.069     37.373    0.001 |
   35 |   -11 -         e+ |  1 |    0   18   -1   -1 |  5  0 |   0.045      6.682 -2.314 |     -0.030     -0.033     17.840    0.001 |

[ParticleListDrawer] analysing particle collection prunedGenParticles
 idx  |    ID -       Name |Stat|  Mo1  Mo2  Da1  Da2 |nMo nDa|    pt       eta     phi   |     px         py         pz        m     |
    0 |  2212 -         p+ |  4 |   -1   -1    2   26 |  0 10 |   0.000  29256.000  0.000 |      0.000      0.000   6500.000    0.938 |
    1 |  2212 -         p+ |  4 |   -1   -1    3   26 |  0 10 |   0.000 -29256.000  0.000 |      0.000      0.000  -6500.000    0.938 |
    2 |    -2 -       ubar | 21 |    0    0    4    5 |  1  2 |   0.000  23081.211  0.000 |      0.000      0.000    325.211    0.000 |
    3 |     2 -          u | 21 |    1    1    4    5 |  1  2 |   0.000 -22790.568  0.000 |      0.000      0.000    -34.568    0.000 |
    4 |   -15 -       tau+ | 23 |    2    3    7    7 |  2  1 |  99.360      1.485  2.891 |    -96.250     24.665    208.036    1.777 |
    5 |    15 -       tau- | 23 |    2    3    6    6 |  2  1 |  99.360      0.757 -0.251 |     96.250    -24.665     82.607    1.777 |
    6 |    15 -       tau- | 44 |    5    5    8    9 |  1  2 |  98.246      0.696 -0.274 |     94.577    -26.598     74.010    1.777 |
    7 |   -15 -       tau+ |  2 |    4    4   22   24 |  1  3 |  94.359      1.564  2.875 |    -91.034     24.827    215.548    1.777 |
    8 |    15 -       tau- |  2 |    6    6   19   21 |  1  3 |  99.740      0.709 -0.277 |     95.942    -27.261     76.794    1.777 |
    9 |    22 -      gamma |  1 |    6    6   -1   -1 |  1  0 |   0.000      0.548  2.892 |     -0.000      0.000      0.000    0.000 |
   10 |  2212 -         p+ |  1 |    0    0   -1   -1 |  1  0 |   0.800      8.671  3.055 |     -0.797      0.069   2333.230    0.938 |
   11 |    -2 -       ubar | 71 |    0    0   -1   -1 |  1  0 |   5.819      2.286 -1.913 |     -1.955     -5.481     28.311    0.330 |
   12 |    -1 -       dbar | 71 |    0    1   13   13 |  2  1 |   7.809      2.216  1.244 |      2.508      7.395     35.381    0.781 |
   13 |  2212 -         p+ |  1 |    0   12   -1   -1 |  3  0 |   0.286      2.748  1.204 |      0.103      0.267      2.227    0.938 |
   14 |     1 -          d | 71 |    1    1   16   26 |  1  4 |   4.010     -6.493 -2.496 |     -3.202     -2.414  -1324.401    0.330 |
   15 |    -2 -       ubar | 71 |    0    1   16   26 |  2  4 |   2.945      3.098 -1.681 |     -0.324     -2.927     32.546    0.330 |
   16 |  2212 -         p+ |  1 |    0   15   -1   -1 |  4  0 |   0.489      5.943  1.882 |     -0.150      0.466     93.191    0.938 |
   17 |  2212 -         p+ |  1 |    0   15   -1   -1 |  4  0 |   1.082      5.525 -2.027 |     -0.476     -0.972    135.734    0.938 |
   18 |  2212 -         p+ |  1 |    1    1   -1   -1 |  1  0 |   0.676     -8.604 -1.102 |      0.305     -0.603  -1843.394    0.938 |
   19 |    16 -     nu_tau |  1 |    8    8   -1   -1 |  1  0 |  32.531      0.724 -0.261 |     31.429     -8.396     25.645    0.000 |
   20 |   111 -        pi0 |  2 |    8    8   27   28 |  1  2 |  17.625      0.708 -0.267 |     16.998     -4.657     13.547    0.135 |
   21 |  -211 -        pi- |  1 |    8    8   -1   -1 |  1  0 |  49.593      0.700 -0.291 |     47.514    -14.209     37.603    0.140 |
   22 |   -16 -  nu_taubar |  1 |    7    7   -1   -1 |  1  0 |  30.084      1.562  2.851 |    -28.827      8.608     68.543    0.000 |
   23 |   -13 -        mu+ |  1 |    7    7   -1   -1 |  1  0 |  30.011      1.565  2.898 |    -29.126      7.234     68.613    0.106 |
   24 |    14 -      nu_mu |  1 |    7    7   -1   -1 |  1  0 |  34.280      1.565  2.876 |    -33.081      8.986     78.392    0.000 |
   25 |    11 -         e- |  1 |    0   15   -1   -1 |  4  0 |   0.052      3.703 -3.037 |     -0.052     -0.005      1.063    0.001 |
   26 |   -11 -         e+ |  1 |    0   15   -1   -1 |  4  0 |   0.088      3.702 -3.007 |     -0.087     -0.012      1.788    0.001 |
   27 |    22 -      gamma |  1 |   20   20   -1   -1 |  1  0 |  14.975      0.705 -0.266 |     14.449     -3.932     11.458    0.000 |
   28 |    22 -      gamma |  1 |   20   20   -1   -1 |  1  0 |   2.650      0.723 -0.277 |      2.549     -0.725      2.088    0.000 |

[ParticleListDrawer] analysing particle collection prunedGenParticles
 idx  |    ID -       Name |Stat|  Mo1  Mo2  Da1  Da2 |nMo nDa|    pt       eta     phi   |     px         py         pz        m     |
    0 |  2212 -         p+ |  4 |   -1   -1    2   37 |  0  3 |   0.000  29256.000  0.000 |      0.000      0.000   6500.000    0.938 |
    1 |  2212 -         p+ |  4 |   -1   -1    3   37 |  0  7 |   0.000 -29256.000  0.000 |      0.000      0.000  -6500.000    0.938 |
    2 |     2 -          u | 21 |    0    0    4    8 |  1  5 |   0.000  24930.080  0.000 |      0.000      0.000   2174.080    0.000 |
    3 |    21 -          g | 21 |    1    1    4    8 |  1  5 |   0.000 -23246.025  0.000 |      0.000      0.000   -490.025    0.000 |
    4 |   -13 -        mu+ | 23 |    2    3   11   11 |  2  1 | 101.748      2.030  2.503 |    -81.669     60.687    380.555    0.106 |
    5 |    13 -        mu- | 23 |    2    3   13   13 |  2  1 | 113.735      2.587 -1.329 |     27.256   -110.421    751.543    0.106 |
    6 |     2 -          u | 23 |    2    3   10   10 |  2  1 |  85.200      3.185  0.393 |     78.694     32.653   1027.604    0.330 |
    7 |    21 -          g | 23 |    2    3   17   26 |  2 10 |  35.889     -2.900  3.121 |    -35.881      0.736   -325.247    0.000 |
    8 |    21 -          g | 23 |    2    3    9   32 |  2  7 |  20.043     -2.713  0.954 |     11.600     16.345   -150.402   -0.000 |
    9 |    21 -          g | 51 |    8    8   37   37 |  1  1 |   7.279     -3.120  2.024 |     -3.190      6.542    -82.284   -0.000 |
   10 |     2 -          u | 52 |    6    6   15   16 |  1  2 |  83.655      3.193  0.307 |     79.734     25.310   1017.376    0.330 |
   11 |   -13 -        mu+ | 44 |    4    4   12   14 |  1  2 |  99.720      2.049  2.521 |    -81.117     58.002    380.333    0.106 |
   12 |   -13 -        mu+ |  1 |   11   11   -1   -1 |  1  0 |  99.624      2.049  2.519 |    -80.934     58.092    380.011    0.106 |
   13 |    13 -        mu- |  1 |    5    5   -1   -1 |  1  0 | 118.865      2.544 -1.327 |     28.688   -115.351    751.556    0.106 |
   14 |    22 -      gamma |  1 |   11   11   -1   -1 |  1  0 |   0.000      1.588 -2.714 |     -0.000     -0.000      0.000    0.000 |
   15 |     2 -          u | 71 |   10   10   -1   -1 |  1  0 |  27.997      3.156  0.352 |     26.280      9.653    327.969    0.330 |
   16 |    21 -          g | 71 |   10   10   -1   -1 |  1  0 |  51.971      3.194  0.298 |     49.685     15.244    632.803    0.309 |
   17 |    21 -          g | 71 |    1    7   37   37 |  2  1 |   1.686     -1.341  2.132 |     -0.898      1.427     -3.003    0.301 |
   18 |    21 -          g | 71 |    7    7   37   37 |  1  1 |  30.007     -2.714 -2.977 |    -29.599     -4.931   -225.397    0.000 |
   19 |    21 -          g | 71 |    7    7   37   37 |  1  1 |   4.103     -2.639 -2.811 |     -3.881     -1.331    -28.559    0.000 |
   20 |    21 -          g | 71 |    7    7   37   37 |  1  1 |   3.902     -2.730 -2.319 |     -2.654     -2.861    -29.782    0.000 |
   21 |    21 -          g | 71 |    7    7   37   37 |  1  1 |   0.722     -1.616 -1.287 |      0.202     -0.693     -1.745    0.000 |
   22 |    21 -          g | 71 |    7    7   37   37 |  1  1 |   0.745     -0.297  1.572 |     -0.001      0.745     -0.225    0.000 |
   23 |    21 -          g | 71 |    7    7   37   37 |  1  1 |   3.476     -0.565  0.994 |      1.894      2.914     -2.071    0.000 |
   24 |    21 -          g | 71 |    7    7   37   37 |  1  1 |   3.522     -0.305  0.821 |      2.401      2.577     -1.091    0.000 |
   25 |    21 -          g | 71 |    7    7   37   37 |  1  1 |   1.115      0.132  1.650 |     -0.088      1.111      0.148   -0.000 |
   26 |    21 -          g | 71 |    7    7   37   37 |  1  1 |   0.624      0.411 -2.425 |     -0.470     -0.410      0.264   -0.000 |
   27 |    21 -          g | 71 |    8    8   -1   -1 |  1  0 |   0.357     -2.091 -2.482 |     -0.282     -0.219     -1.423    0.000 |
   28 |    21 -          g | 71 |    8    8   -1   -1 |  1  0 |   8.492     -2.452  0.495 |      7.473      4.034    -48.933    0.000 |
   29 |    21 -          g | 71 |    8    8   -1   -1 |  1  0 |   0.325     -3.931 -0.113 |      0.322     -0.037     -8.266    0.000 |
   30 |    21 -          g | 71 |    8    8   -1   -1 |  1  0 |   3.399     -2.960  0.713 |      2.570      2.223    -32.689    0.000 |
   31 |    21 -          g | 71 |    8    8   -1   -1 |  1  0 |   0.630     -2.784 -0.022 |      0.630     -0.014     -5.080    0.000 |
   32 |    21 -          g | 71 |    8    8   -1   -1 |  1  0 |   1.213     -3.335  1.479 |      0.111      1.208    -17.014    0.000 |
   33 |    21 -          g | 71 |    1    1   34   35 |  1  2 |   6.287      0.788  1.452 |      0.742      6.244      5.480    0.000 |
   34 |  2212 -         p+ |  1 |    1   33   -1   -1 |  2  0 |   0.324     -0.560  0.901 |      0.201      0.254     -0.191    0.938 |
   35 |  2212 -         p+ |  1 |    1   33   -1   -1 |  2  0 |   0.545     -8.869 -2.468 |     -0.426     -0.340  -1938.364    0.938 |
   36 |  2212 -         p+ |  1 |    0    1   -1   -1 |  2  0 |   0.177      7.513  2.433 |     -0.135      0.116    162.603    0.938 |
   37 |   310 -       K_S0 |  1 |    0   26   -1   -1 | 13  0 |   1.260     -2.495 -2.710 |     -1.145     -0.527     -7.585    0.498 |
20-Nov-2015 08:17:53 CST  Closed file file:/eos/uscms/store/user/skalafut/WR/13TeV/RunIISpring15_MiniAODBkgndFiles/DYJetsToLL_M_200to400_amcnlo_13TeV_25ns_reMiniAOD_26kevts.root

TrigReport ---------- Event  Summary ------------
TrigReport Events total = 10 passed = 10 failed = 0

TrigReport ---------- Path   Summary ------------
TrigReport  Trig Bit#   Executed     Passed     Failed      Error Name
TrigReport     1    0         10         10          0          0 studyDYJetsDecay

TrigReport -------End-Path   Summary ------------
TrigReport  Trig Bit#   Executed     Passed     Failed      Error Name

TrigReport ---------- Modules in Path: studyDYJetsDecay ------------
TrigReport  Trig Bit#    Visited     Passed     Failed      Error Name
TrigReport     1    0         10         10          0          0 printDYJetsParticleTree

TrigReport ---------- Module Summary ------------
TrigReport    Visited   Executed     Passed     Failed      Error Name
TrigReport         10         10         10          0          0 printDYJetsParticleTree
TrigReport         10         10         10          0          0 TriggerResults

TimeReport ---------- Event  Summary ---[sec]----
TimeReport       event loop CPU/event = 0.005163
TimeReport      event loop Real/event = 0.005620
TimeReport     sum Streams Real/event = 0.003056
TimeReport efficiency CPU/Real/thread = 0.918729

TimeReport ---------- Path   Summary ---[Real sec]----
TimeReport  per event     per exec  Name
TimeReport   0.002800     0.002800  studyDYJetsDecay
TimeReport  per event     per exec  Name

TimeReport -------End-Path   Summary ---[Real sec]----
TimeReport  per event     per exec  Name
TimeReport  per event     per exec  Name

TimeReport ---------- Modules in Path: studyDYJetsDecay ---[Real sec]----
TimeReport  per event    per visit  Name
TimeReport   0.001914     0.001914  printDYJetsParticleTree
TimeReport  per event    per visit  Name

TimeReport ---------- Module Summary ---[Real sec]----
TimeReport  per event     per exec    per visit  Name
TimeReport   0.000017     0.000017     0.000017  TriggerResults
TimeReport   0.001914     0.001914     0.001914  printDYJetsParticleTree
TimeReport  per event     per exec    per visit  Name

T---Report end!


=============================================

MessageLogger Summary

 type     category        sev    module        subroutine        count    total
 ---- -------------------- -- ---------------- ----------------  -----    -----
    1 fileAction           -s file_close                             1        1
    2 fileAction           -s file_open                              2        2

 type    category    Examples: run/evt        run/evt          run/evt
 ---- -------------------- ---------------- ---------------- ----------------
    1 fileAction           PostEndRun                        
    2 fileAction           pre-events       pre-events       

Severity    # Occurrences   Total Occurrences
--------    -------------   -----------------
System                  3                   3
