18-Nov-2015 04:44:23 CST  Initiating request to open file file:/eos/uscms/store/user/skalafut/WR/13TeV/RunIISpring15_MiniAODBkgndFiles/DYJetsToLL_M_50_madgraph_13TeV_25ns_reMiniAOD_50kevts.root
18-Nov-2015 04:44:25 CST  Successfully opened file file:/eos/uscms/store/user/skalafut/WR/13TeV/RunIISpring15_MiniAODBkgndFiles/DYJetsToLL_M_50_madgraph_13TeV_25ns_reMiniAOD_50kevts.root
Begin processing the 1st record. Run 1, Event 10356421, LumiSection 17913 at 18-Nov-2015 04:44:26.693 CST

THIS EVT HAS Z->tau tau + 2 gluons
[ParticleListDrawer] analysing particle collection prunedGenParticles
 idx  |    ID -       Name |Stat|  Mo1  Mo2  Da1  Da2 |nMo nDa|    pt       eta     phi   |     px         py         pz        m     |
    0 |  2212 -         p+ |  4 |   -1   -1    2   39 |  0  8 |   0.000  29256.000  0.000 |      0.000      0.000   6500.000    0.938 |
    1 |  2212 -         p+ |  4 |   -1   -1    3   39 |  0 10 |   0.000 -29256.000  0.000 |      0.000      0.000  -6500.000    0.938 |
    2 |    -4 -       cbar | 21 |    0    0    4    6 |  1  3 |   0.000  22909.256  0.000 |      0.000      0.000    153.256    0.000 |
    3 |     4 -          c | 21 |    1    1    4    6 |  1  3 |   0.000 -22939.445  0.000 |      0.000      0.000   -183.445    0.000 |
    4 |    23 -         Z0 | 22 |    2    3    7    7 |  2  1 |  31.686     -2.199 -1.432 |      4.394    -31.380   -141.091   80.119 |
    5 |    21 -          g | 23 |    2    3   20   29 |  2 10 |  24.656      2.428  1.336 |      5.739     23.978    138.705    0.000 |
    6 |    21 -          g | 23 |    2    3   30   33 |  2  4 |  12.548     -1.536  2.511 |    -10.133      7.402    -27.803    0.000 |
    7 |    23 -         Z0 | 44 |    4    4    8    8 |  1  1 |  47.186     -1.822 -1.297 |     12.760    -45.428   -142.146   80.119 |
    8 |    23 -         Z0 | 44 |    7    7    9    9 |  1  1 |  46.551     -1.822 -1.302 |     12.358    -44.880   -140.250   80.119 |
    9 |    23 -         Z0 | 44 |    8    8   10   10 |  1  1 |  46.305     -1.823 -1.304 |     12.219    -44.664   -139.606   80.119 |
   10 |    23 -         Z0 | 44 |    9    9   11   11 |  1  1 |  46.194     -1.826 -1.320 |     11.470    -44.747   -139.660   80.119 |
   11 |    23 -         Z0 | 44 |   10   10   12   12 |  1  1 |  46.928     -1.810 -1.317 |     11.767    -45.429   -139.551   80.119 |
   12 |    23 -         Z0 | 44 |   11   11   13   13 |  1  1 |  46.891     -1.810 -1.317 |     11.769    -45.390   -139.488   80.119 |
   13 |    23 -         Z0 | 62 |   12   12   14   15 |  1  2 |  47.015     -1.808 -1.316 |     11.843    -45.499   -139.491   80.119 |
   14 |   -15 -       tau+ |  2 |   13   13   43   45 |  1  3 |  54.307     -1.608 -1.791 |    -11.836    -53.001   -130.078    1.777 |
   15 |    15 -       tau- |  2 |   13   13   40   42 |  1  3 |  24.839     -0.370  0.307 |     23.679      7.502     -9.413    1.777 |
   16 |    -4 -       cbar | 71 |    1    1   17   17 |  1  1 |   1.088     -3.764  0.010 |      1.088      0.011    -23.438    1.500 |
   17 |  -411 -         D- |  2 |    1   16   -1   -1 |  2  0 |   1.582     -3.974  0.242 |      1.535      0.380    -42.047    1.870 |
   18 |     4 -          c | 71 |    0    0   19   36 |  1  2 |   7.237      1.373 -0.931 |      4.321     -5.805     13.369    1.500 |
   19 |   413 -        D*+ |  2 |    0   18   46   46 |  3  1 |   8.386      1.442 -0.945 |      4.913     -6.797     16.747    2.010 |
   20 |    21 -          g | 71 |    5    5   35   39 |  1  4 |   3.628      2.790  2.114 |     -1.875      3.106     29.430    0.243 |
   21 |    21 -          g | 71 |    5    5   35   39 |  1  4 |   5.635      2.685  1.882 |     -1.723      5.365     41.123   -0.000 |
   22 |    21 -          g | 71 |    5    5   35   39 |  1  4 |   1.687      2.285  2.200 |     -0.992      1.364      8.197   -0.000 |
   23 |    21 -          g | 71 |    5    5   35   39 |  1  4 |   3.003      1.849  1.916 |     -1.016      2.826      9.299   -0.000 |
   24 |    21 -          g | 71 |    5    5   35   39 |  1  4 |   4.400      1.976  1.105 |      1.978      3.930     15.570    0.448 |
   25 |    21 -          g | 71 |    5    5   35   39 |  1  4 |  14.934      1.378  1.482 |      1.323     14.875     27.729   -0.000 |
   26 |    21 -          g | 71 |    5    5   35   39 |  1  4 |   0.695      1.893  1.209 |      0.246      0.650      2.254   -0.000 |
   27 |    21 -          g | 71 |    5    5   35   39 |  1  4 |   0.798      0.392  0.824 |      0.542      0.586      0.321   -0.000 |
   28 |    21 -          g | 71 |    5    5   35   39 |  1  4 |   0.628     -1.049  1.308 |      0.163      0.606     -0.786    0.000 |
   29 |    21 -          g | 71 |    5    5   35   39 |  1  4 |   0.680     -1.717 -1.148 |      0.279     -0.620     -1.831    0.000 |
   30 |    21 -          g | 71 |    6    6   35   39 |  1  4 |   0.820     -1.489  3.005 |     -0.812      0.111     -1.724    0.000 |
   31 |    21 -          g | 71 |    6    6   35   39 |  1  4 |   3.998     -1.334  2.273 |     -2.582      3.053     -7.066    0.000 |
   32 |    21 -          g | 71 |    6    6   35   39 |  1  4 |   1.446     -2.036  2.859 |     -1.389      0.403     -5.440    0.000 |
   33 |    21 -          g | 71 |    6    6   35   39 |  1  4 |   4.450     -2.044  2.542 |     -3.674      2.510    -16.883    0.000 |
   34 |    21 -          g | 71 |    1    1   35   39 |  1  4 |  12.118     -1.579  2.043 |     -5.509     10.794    -28.147    0.000 |
   35 |  2212 -         p+ |  1 |    0   34   -1   -1 | 17  0 |   1.538     -1.723  2.605 |     -1.322      0.786     -4.171    0.938 |
   36 |  2212 -         p+ |  1 |    0   18   -1   -1 |  3  0 |   0.259     -9.779  2.557 |     -0.216      0.143  -2290.992    0.938 |
   37 |  2212 -         p+ |  1 |    0   34   -1   -1 | 17  0 |   0.625      9.310  2.638 |     -0.548      0.302   3453.470    0.938 |
   38 |   310 -       K_S0 |  1 |    0   34   -1   -1 | 17  0 |   1.189      0.820  1.553 |      0.021      1.189      1.088    0.498 |
   39 |   310 -       K_S0 |  1 |    0   34   -1   -1 | 17  0 |   1.466     -1.909  2.905 |     -1.426      0.343     -4.836    0.498 |
   40 |    16 -     nu_tau |  1 |   15   15   -1   -1 |  1  0 |   7.303     -0.381  0.241 |      7.092      1.743     -2.851    0.000 |
   41 |    11 -         e- |  1 |   15   15   -1   -1 |  1  0 |   3.393     -0.253  0.252 |      3.286      0.848     -0.867    0.001 |
   42 |   -12 -    nu_ebar |  1 |   15   15   -1   -1 |  1  0 |  14.179     -0.392  0.354 |     13.301      4.911     -5.695   -0.000 |
   43 |   -16 -  nu_taubar |  1 |   14   14   -1   -1 |  1  0 |  25.063     -1.622 -1.767 |     -4.894    -24.581    -60.994    0.000 |
   44 |   -13 -        mu+ |  1 |   14   14   -1   -1 |  1  0 |  12.361     -1.589 -1.779 |     -2.555    -12.095    -29.027    0.106 |
   45 |    14 -      nu_mu |  1 |   14   14   -1   -1 |  1  0 |  16.905     -1.598 -1.833 |     -4.386    -16.326    -40.056    0.000 |
   46 |   411 -         D+ |  2 |   19   19   -1   -1 |  1  0 |   7.689      1.440 -0.947 |      4.491     -6.241     15.318    1.870 |

THIS EVT HAS Z->mumu + 0 gluons and quarks
[ParticleListDrawer] analysing particle collection prunedGenParticles
 idx  |    ID -       Name |Stat|  Mo1  Mo2  Da1  Da2 |nMo nDa|    pt       eta     phi   |     px         py         pz        m     |
    0 |  2212 -         p+ |  4 |   -1   -1    2   35 |  0 13 |   0.000  29256.000  0.000 |      0.000      0.000   6500.000    0.938 |
    1 |  2212 -         p+ |  4 |   -1   -1    3   35 |  0 15 |   0.000 -29256.000  0.000 |      0.000      0.000  -6500.000    0.938 |
    2 |    -2 -       ubar | 21 |    0    0    4    4 |  1  1 |   0.000  22757.801  0.000 |      0.000      0.000      1.801    0.000 |
    3 |     2 -          u | 21 |    1    1    4    4 |  1  1 |   0.000 -23972.607  0.000 |      0.000      0.000  -1216.607    0.000 |
    4 |    23 -         Z0 | 22 |    2    3    5    5 |  2  1 |   0.000 -23970.807  0.000 |      0.000      0.000  -1214.807   93.595 |
    5 |    23 -         Z0 | 44 |    4    4    6    6 |  1  1 |  17.428     -5.232 -2.158 |     -9.652    -14.511  -1631.322   93.595 |
    6 |    23 -         Z0 | 44 |    5    5    7    7 |  1  1 |  22.671     -4.964 -2.670 |    -20.193    -10.308  -1623.263   93.595 |
    7 |    23 -         Z0 | 44 |    6    6    8    8 |  1  1 |  26.238     -4.822 -2.538 |    -21.598    -14.899  -1630.103   93.595 |
    8 |    23 -         Z0 | 44 |    7    7    9    9 |  1  1 |  24.924     -4.866 -2.549 |    -20.677    -13.916  -1616.861   93.595 |
    9 |    23 -         Z0 | 44 |    8    8   10   10 |  1  1 |  25.361     -4.850 -2.538 |    -20.874    -14.405  -1620.453   93.595 |
   10 |    23 -         Z0 | 44 |    9    9   11   11 |  1  1 |  25.392     -4.849 -2.537 |    -20.889    -14.436  -1620.718   93.595 |
   11 |    23 -         Z0 | 44 |   10   10   12   12 |  1  1 |  26.402     -4.810 -2.529 |    -21.608    -15.171  -1620.712   93.595 |
   12 |    23 -         Z0 | 44 |   11   11   13   13 |  1  1 |  26.968     -4.789 -2.517 |    -21.876    -15.770  -1620.708   93.595 |
   13 |    23 -         Z0 | 44 |   12   12   14   14 |  1  1 |  27.340     -4.775 -2.514 |    -22.123    -16.063  -1620.706   93.595 |
   14 |    23 -         Z0 | 62 |   13   13   16   17 |  1  2 |  27.929     -4.754 -2.528 |    -22.829    -16.089  -1620.708   93.595 |
   15 |    22 -      gamma |  1 |    1    1   -1   -1 |  1  0 |   1.309     -5.537  0.815 |      0.898      0.952   -166.232   -0.000 |
   16 |   -13 -        mu+ | 23 |   14   14   18   19 |  1  2 |  13.072     -1.690  0.513 |     11.391      6.411    -34.215    0.106 |
   17 |    13 -        mu- | 23 |   14   14   20   20 |  1  1 |  40.955     -4.350 -2.560 |    -34.220    -22.501  -1586.493    0.106 |
   18 |   -13 -        mu+ |  1 |   16   16   -1   -1 |  1  0 |  13.111     -1.696  0.514 |     11.419      6.442    -34.543    0.106 |
   19 |    22 -      gamma |  1 |   16   16   -1   -1 |  1  0 |   0.054     -1.944 -2.374 |     -0.039     -0.038     -0.185    0.000 |
   20 |    13 -        mu- |  1 |   17   17   -1   -1 |  1  0 |  40.942     -4.350 -2.560 |    -34.209    -22.494  -1585.980    0.106 |
   21 |     3 -          s | 73 |    0    1   23   23 |  2  1 |   4.667      0.100 -1.973 |     -1.825     -4.295      0.468    0.579 |
   22 |    21 -          g | 71 |    0    1   -1   -1 |  2  0 |   6.187     -4.378 -1.538 |      0.203     -6.183   -246.383    0.000 |
   23 |     3 -          s | 71 |   21   21   34   35 |  1  2 |   4.667      0.100 -1.973 |     -1.825     -4.295      0.468    0.579 |
   24 |    21 -          g | 71 |    0    0   34   35 |  1  2 |  14.556     -1.097 -0.306 |     13.882     -4.380    -19.371   -0.000 |
   25 |    21 -          g | 71 |    1    1   34   35 |  1  2 |  10.197     -2.894  1.240 |      3.314      9.644    -91.850    0.000 |
   26 |    -3 -       sbar | 71 |    1    1   34   35 |  1  2 |   2.015     -3.938  0.835 |      1.353      1.493    -51.658    0.500 |
   27 |     1 -          d | 71 |    0    1   30   32 |  2  3 |   8.079     -3.390  2.093 |     -4.030      7.001   -119.668    0.330 |
   28 |    21 -          g | 71 |    0    1   30   32 |  2  3 |   5.231     -2.842  2.354 |     -3.692      3.705    -44.720   -0.000 |
   29 |  2212 -         p+ |  1 |    0    1   -1   -1 |  2  0 |   0.392     -0.899 -1.974 |     -0.154     -0.361     -0.402    0.938 |
   30 |   310 -       K_S0 |  1 |    0   28   -1   -1 |  4  0 |   1.651     -2.009 -1.315 |      0.418     -1.597     -6.040    0.498 |
   31 |  2212 -         p+ |  1 |    0   28   -1   -1 |  4  0 |   2.496     -1.275 -1.018 |      1.310     -2.125     -4.117    0.938 |
   32 |   310 -       K_S0 |  1 |    0   28   -1   -1 |  4  0 |   1.132      0.779 -2.976 |     -1.117     -0.186      0.974    0.498 |
   33 |   443 -      J/psi |  2 |    0    1   -1   -1 |  2  0 |   2.437     -0.670  2.656 |     -2.155      1.137     -1.757    3.097 |
   34 |    11 -         e- |  1 |    0   26   -1   -1 |  6  0 |   0.586     -2.853  1.117 |      0.257      0.527     -5.063    0.001 |
   35 |   -11 -         e+ |  1 |    0   26   -1   -1 |  6  0 |   0.066     -2.836  1.192 |      0.024      0.061     -0.559    0.001 |

THIS EVT HAS Z->ee + 0 gluons and quarks
[ParticleListDrawer] analysing particle collection prunedGenParticles
 idx  |    ID -       Name |Stat|  Mo1  Mo2  Da1  Da2 |nMo nDa|    pt       eta     phi   |     px         py         pz        m     |
    0 |  2212 -         p+ |  4 |   -1   -1    2   32 |  0 19 |   0.000  29256.000  0.000 |      0.000      0.000   6500.000    0.938 |
    1 |  2212 -         p+ |  4 |   -1   -1    3   32 |  0 16 |   0.000 -29256.000  0.000 |      0.000      0.000  -6500.000    0.938 |
    2 |     1 -          d | 21 |    0    0    4    4 |  1  1 |   0.000  23035.721  0.000 |      0.000      0.000    279.721    0.000 |
    3 |    -1 -       dbar | 21 |    1    1    4    4 |  1  1 |   0.000 -22763.275  0.000 |      0.000      0.000     -7.275    0.000 |
    4 |    23 -         Z0 | 22 |    2    3    5    5 |  2  1 |   0.000  23028.447  0.000 |      0.000      0.000    272.447   90.220 |
    5 |    23 -         Z0 | 44 |    4    4    6    6 |  1  1 |   5.184      4.673  2.665 |     -4.606      2.380    277.387   90.220 |
    6 |    23 -         Z0 | 44 |    5    5    7    7 |  1  1 |   6.100      4.510  2.677 |     -5.453      2.735    277.278   90.220 |
    7 |    23 -         Z0 | 62 |    6    6    8    9 |  1  2 |   4.606      4.789  2.250 |     -2.894      3.584    276.781   90.220 |
    8 |   -11 -         e+ |  1 |    7    7   -1   -1 |  1  0 |  23.166      0.525  2.566 |    -19.428     12.620     12.741    0.001 |
    9 |    11 -         e- |  1 |    7    7   -1   -1 |  1  0 |  18.842      3.334 -0.500 |     16.534     -9.036    264.040    0.001 |
   10 |    -2 -       ubar | 73 |    0    1   16   16 |  2  1 |   6.634     -0.087  0.732 |      4.936      4.432     -0.578    0.688 |
   11 |    21 -          g | 71 |    0    1   13   13 |  2  1 |   6.923      0.159 -1.714 |     -0.986     -6.852      1.107    0.294 |
   12 |    -4 -       cbar | 71 |    0    1   13   13 |  2  1 |  14.028     -1.003 -2.248 |     -8.786    -10.935    -16.542    1.867 |
   13 |  -421 -      Dbar0 |  2 |    0   12   -1   -1 |  4  0 |   7.012     -1.014 -2.241 |     -4.353     -5.497     -8.397    1.865 |
   14 |     5 -          b | 71 |    0    1   17   17 |  2  1 |  22.197     -1.529  1.157 |      8.928     20.323    -48.806    4.800 |
   15 |    21 -          g | 71 |    0    1   17   17 |  2  1 |   6.347     -0.470  0.778 |      4.521      4.455     -3.095   -0.000 |
   16 |    -2 -       ubar | 71 |   10   10   17   17 |  1  1 |   6.634     -0.087  0.732 |      4.936      4.432     -0.578    0.688 |
   17 |  -511 -      Bbar0 |  2 |    0   16   28   30 |  5  3 |  22.232     -1.542  1.133 |      9.433     20.131    -49.554    5.280 |
   18 |     2 -          u | 71 |    0    0   20   32 |  1  3 |   1.117      0.555 -1.886 |     -0.347     -1.062      0.653    0.330 |
   19 |    -5 -       bbar | 71 |    1    1   20   32 |  1  3 |   2.223     -3.847 -0.586 |      1.853     -1.229    -52.058    4.800 |
   20 |   513 -        B*0 |  2 |    0   19   33   33 |  4  1 |   2.274     -3.940 -0.105 |      2.262     -0.237    -58.451    5.325 |
   21 |    21 -          g | 71 |    0    0   -1   -1 |  1  0 |   7.126      3.486 -3.112 |     -7.122     -0.213    116.233    0.000 |
   22 |     4 -          c | 71 |    0    1   23   23 |  2  1 |  29.844     -0.905 -2.147 |    -16.272    -25.017    -30.845    1.500 |
   23 |  4212 -   Sigma_c+ |  2 |    0   22   34   34 |  3  1 |  22.223     -0.921 -2.159 |    -12.322    -18.493    -23.485    2.454 |
   24 |    -1 -       dbar | 71 |    0    0   -1   -1 |  1  0 |   5.292      3.239 -0.434 |      4.801     -2.226     67.369    0.330 |
   25 |     2 -          u | 71 |    0    1   -1   -1 |  2  0 |   9.419      0.313  0.839 |      6.296      7.006      2.995    0.547 |
   26 |    21 -          g | 71 |    0    0   -1   -1 |  1  0 |   5.490     -2.103  0.668 |      4.310      3.401    -22.139   -0.000 |
   27 |  2212 -         p+ |  1 |    0    1   -1   -1 |  2  0 |   0.272      3.472 -1.132 |      0.115     -0.246      4.368    0.938 |
   28 |    16 -     nu_tau |  1 |   17   17   -1   -1 |  1  0 |   6.440     -1.370  1.031 |      3.309      5.525    -11.852    0.000 |
   29 |   -15 -       tau+ |  2 |   17   17   35   36 |  1  2 |   5.969     -1.619  1.121 |      2.597      5.374    -14.475    1.777 |
   30 |  -413 -        D*- |  2 |   17   17   37   37 |  1  1 |   9.883     -1.590  1.206 |      3.528      9.232    -23.227    2.010 |
   31 |    11 -         e- |  1 |    0   19   -1   -1 |  4  0 |   0.165     -3.082 -0.928 |      0.099     -0.132     -1.797    0.001 |
   32 |   -11 -         e+ |  1 |    0   19   -1   -1 |  4  0 |   0.021     -3.120 -0.720 |      0.016     -0.014     -0.233    0.001 |
   33 |   511 -         B0 |  2 |   20   20   38   41 |  1  3 |   2.223     -3.953 -0.120 |      2.207     -0.265    -57.893    5.280 |
   34 |  4122 -  Lambda_c+ |  2 |   23   23   -1   -1 |  1  0 |  19.908     -0.922 -2.160 |    -11.067    -16.548    -21.061    2.286 |
   35 |   -16 -  nu_taubar |  1 |   29   29   -1   -1 |  1  0 |   3.781     -1.779  1.017 |      1.987      3.217    -10.884   -0.000 |
   36 |   211 -        pi+ |  1 |   29   29   -1   -1 |  1  0 |   2.242     -1.250  1.295 |      0.610      2.158     -3.591    0.140 |
   37 |  -421 -      Dbar0 |  2 |   30   30   -1   -1 |  1  0 |   9.164     -1.591  1.202 |      3.306      8.547    -21.565    1.865 |
   38 |  -413 -        D*- |  2 |   33   33   39   39 |  1  1 |   0.457     -4.654  0.470 |      0.407      0.207    -23.986    2.010 |
   39 |  -411 -         D- |  2 |   38   38   42   43 |  1  2 |   0.402     -4.723  0.471 |      0.358      0.182    -22.612    1.870 |
   40 |    11 -         e- |  1 |   33   33   -1   -1 |  1  0 |   0.069     -3.191 -2.407 |     -0.051     -0.046     -0.838    0.001 |
   41 |   -11 -         e+ |  1 |   33   33   -1   -1 |  1  0 |   0.023     -4.276 -1.325 |      0.006     -0.022     -0.829    0.001 |
   42 |    11 -         e- |  1 |   39   39   -1   -1 |  1  0 |   0.312     -3.201  0.280 |      0.300      0.086     -3.826    0.001 |
   43 |   -11 -         e+ |  1 |   39   39   -1   -1 |  1  0 |   0.039     -3.172  0.149 |      0.038      0.006     -0.462    0.001 |

THIS EVT HAS Z->mumu + 1 quark
[ParticleListDrawer] analysing particle collection prunedGenParticles
 idx  |    ID -       Name |Stat|  Mo1  Mo2  Da1  Da2 |nMo nDa|    pt       eta     phi   |     px         py         pz        m     |
    0 |  2212 -         p+ |  4 |   -1   -1    2   21 |  0  5 |   0.000  29256.000  0.000 |      0.000      0.000   6500.000    0.938 |
    1 |  2212 -         p+ |  4 |   -1   -1    3   21 |  0  4 |   0.000 -29256.000  0.000 |      0.000      0.000  -6500.000    0.938 |
    2 |    21 -          g | 21 |    0    0    4    5 |  1  2 |   0.000  22794.127  0.000 |      0.000      0.000     38.127    0.000 |
    3 |     1 -          d | 21 |    1    1    4    5 |  1  2 |   0.000 -22845.613  0.000 |      0.000      0.000    -89.613    0.000 |
    4 |    23 -         Z0 | 22 |    2    3    6    6 |  2  1 |  22.269     -1.312  2.037 |    -10.010     19.893    -38.335   91.725 |
    5 |     1 -          d | 23 |    2    3    8    8 |  2  1 |  22.269     -0.561 -1.105 |     10.010    -19.893    -13.152   -0.000 |
    6 |    23 -         Z0 | 44 |    4    4    7    7 |  1  1 |  28.139     -1.134  1.995 |    -11.584     25.644    -39.213   91.725 |
    7 |    23 -         Z0 | 44 |    6    6    9    9 |  1  1 |  23.557     -1.237  2.001 |     -9.830     21.408    -37.154   91.725 |
    8 |     1 -          d | 44 |    5    5   16   18 |  1  3 |  21.406     -0.689 -1.092 |      9.864    -18.997    -15.946    0.000 |
    9 |    23 -         Z0 | 44 |    7    7   10   10 |  1  1 |  23.378     -1.242  2.008 |     -9.895     21.180    -37.087   91.725 |
   10 |    23 -         Z0 | 62 |    9    9   11   12 |  1  2 |  23.365     -1.242  1.979 |     -9.276     21.444    -37.082   91.725 |
   11 |   -13 -        mu+ | 23 |   10   10   15   15 |  1  1 |   7.509      2.111  1.194 |      2.761      6.984     30.549    0.106 |
   12 |    13 -        mu- | 23 |   10   10   13   14 |  1  2 |  18.815     -1.991  2.265 |    -12.037     14.461    -67.632    0.106 |
   13 |    13 -        mu- |  1 |   12   12   -1   -1 |  1  0 |  17.866     -1.991  2.265 |    -11.436     13.726    -64.221    0.106 |
   14 |    22 -      gamma |  1 |   12   12   -1   -1 |  1  0 |   0.949     -1.991  2.256 |     -0.601      0.734     -3.410    0.000 |
   15 |   -13 -        mu+ |  1 |   11   11   -1   -1 |  1  0 |   7.509      2.111  1.194 |      2.761      6.984     30.549    0.106 |
   16 |     1 -          d | 71 |    8    8   18   18 |  1  1 |   6.558     -0.583 -0.870 |      4.231     -5.011     -4.043   -0.000 |
   17 |    21 -          g | 71 |    8    8   18   18 |  1  1 |  10.122     -0.654 -1.194 |      3.724     -9.412     -7.103    0.536 |
   18 |  2212 -         p+ |  1 |    0   17   -1   -1 |  4  0 |   3.203     -0.947 -0.957 |      1.845     -2.618     -3.507    0.938 |
   19 |  2212 -         p+ |  1 |    0    1   -1   -1 |  2  0 |   0.185     -7.679 -0.533 |      0.159     -0.094   -199.432    0.938 |
   20 |   310 -       K_S0 |  1 |    0    1   -1   -1 |  2  0 |   1.011      1.984  0.332 |      0.956      0.329      3.605    0.498 |
   21 |  2212 -         p+ |  1 |    0    1   -1   -1 |  2  0 |   0.583     -3.126 -2.031 |     -0.259     -0.522     -6.628    0.938 |

THIS EVT HAS Z->ee + 0 quarks and gluons
[ParticleListDrawer] analysing particle collection prunedGenParticles
 idx  |    ID -       Name |Stat|  Mo1  Mo2  Da1  Da2 |nMo nDa|    pt       eta     phi   |     px         py         pz        m     |
    0 |  2212 -         p+ |  4 |   -1   -1    2   26 |  0 10 |   0.000  29256.000  0.000 |      0.000      0.000   6500.000    0.938 |
    1 |  2212 -         p+ |  4 |   -1   -1    3   23 |  0  7 |   0.000 -29256.000  0.000 |      0.000      0.000  -6500.000    0.938 |
    2 |    -2 -       ubar | 21 |    0    0    4    4 |  1  1 |   0.000  22756.766  0.000 |      0.000      0.000      0.766    0.000 |
    3 |     2 -          u | 21 |    1    1    4    4 |  1  1 |   0.000 -25647.240  0.000 |      0.000      0.000  -2891.240    0.000 |
    4 |    23 -         Z0 | 22 |    2    3    5    5 |  2  1 |   0.000 -25646.475  0.000 |      0.000      0.000  -2890.475   94.080 |
    5 |    23 -         Z0 | 44 |    4    4    6    6 |  1  1 |   2.628     -7.650  1.431 |      0.365      2.602  -2761.114   94.080 |
    6 |    23 -         Z0 | 44 |    5    5    7    7 |  1  1 |   1.796     -8.027 -2.960 |     -1.766     -0.325  -2751.117   94.080 |
    7 |    23 -         Z0 | 44 |    6    6    8    8 |  1  1 |   3.480     -7.366 -2.774 |     -3.247     -1.250  -2752.145   94.080 |
    8 |    23 -         Z0 | 44 |    7    7    9    9 |  1  1 |   3.492     -7.363 -2.771 |     -3.255     -1.264  -2752.166   94.080 |
    9 |    23 -         Z0 | 62 |    8    8   10   11 |  1  2 |   4.400     -7.132 -3.081 |     -4.392     -0.265  -2752.152   94.080 |
   10 |   -11 -         e+ | 23 |    9    9   12   15 |  1  4 |  36.780     -3.361 -1.147 |     15.133    -33.523   -529.226    0.001 |
   11 |    11 -         e- | 23 |    9    9   16   16 |  1  1 |  38.565     -4.747  2.102 |    -19.524     33.258  -2222.926    0.001 |
   12 |    13 -        mu- |  1 |   10   10   -1   -1 |  1  0 |   6.249     -3.752 -1.345 |      1.399     -6.091   -133.007    0.106 |
   13 |   -13 -        mu+ |  1 |   10   10   -1   -1 |  1  0 |   5.331     -3.659 -1.241 |      1.727     -5.044   -103.422    0.106 |
   14 |   -11 -         e+ |  1 |   10   10   -1   -1 |  1  0 |  16.606     -3.224 -1.081 |      7.818    -14.650   -208.351    0.001 |
   15 |    22 -      gamma |  1 |   10   10   -1   -1 |  1  0 |   8.427     -3.225 -1.076 |      4.001     -7.417   -105.866    0.000 |
   16 |    11 -         e- |  1 |   11   11   -1   -1 |  1  0 |  38.194     -4.747  2.102 |    -19.336     32.937  -2201.505    0.001 |
   17 |    21 -          g | 71 |    0    1   -1   -1 |  2  0 |   6.788      3.034 -0.163 |      6.698     -1.100     70.356   -0.000 |
   18 |     1 -          d | 71 |    0    0   24   26 |  1  3 |   0.052     10.340  2.927 |     -0.050      0.011    799.192    0.330 |
   19 |     1 -          d | 71 |    1    1   24   26 |  1  3 |   0.545     -6.861  2.407 |     -0.404      0.365   -259.898    0.330 |
   20 |     1 -          d | 71 |    0    1   24   26 |  2  3 |   1.579     -7.317 -1.942 |     -0.573     -1.471  -1188.597    0.330 |
   21 |  2212 -         p+ |  1 |    0    1   -1   -1 |  2  0 |   1.156     -4.424  3.132 |     -1.156      0.011    -48.224    0.938 |
   22 |  2212 -         p+ |  1 |    0    1   -1   -1 |  2  0 |   1.102     -5.519 -0.192 |      1.082     -0.210   -137.371    0.938 |
   23 |  2212 -         p+ |  1 |    0    1   -1   -1 |  2  0 |   0.559      4.541 -1.764 |     -0.107     -0.549     26.220    0.938 |
   24 |  2212 -         p+ |  1 |    0   20   -1   -1 |  4  0 |   0.062     -8.132 -2.514 |     -0.051     -0.037   -106.235    0.938 |
   25 |    11 -         e- |  1 |    0   20   -1   -1 |  4  0 |   0.153      5.176  2.174 |     -0.087      0.126     13.548    0.001 |
   26 |   -11 -         e+ |  1 |    0   20   -1   -1 |  4  0 |   0.010      4.664  1.685 |     -0.001      0.010      0.519    0.001 |

THIS EVT HAS Z->ee + 1 gluon
[ParticleListDrawer] analysing particle collection prunedGenParticles
 idx  |    ID -       Name |Stat|  Mo1  Mo2  Da1  Da2 |nMo nDa|    pt       eta     phi   |     px         py         pz        m     |
    0 |  2212 -         p+ |  4 |   -1   -1    2   23 |  0 11 |   0.000  29256.000  0.000 |      0.000      0.000   6500.000    0.938 |
    1 |  2212 -         p+ |  4 |   -1   -1    3   23 |  0 11 |   0.000 -29256.000  0.000 |      0.000      0.000  -6500.000    0.938 |
    2 |     2 -          u | 21 |    0    0    4    5 |  1  2 |   0.000  23255.334  0.000 |      0.000      0.000    499.334    0.000 |
    3 |    -2 -       ubar | 21 |    1    1    4    5 |  1  2 |   0.000 -22763.145  0.000 |      0.000      0.000     -7.145    0.000 |
    4 |    23 -         Z0 | 22 |    2    3    6    6 |  2  1 |  23.007      3.364 -0.608 |     18.882    -13.145    331.957   89.586 |
    5 |    21 -          g | 23 |    2    3   12   16 |  2  5 |  23.007      2.639  2.533 |    -18.882     13.145    160.233   -0.000 |
    6 |    23 -         Z0 | 44 |    4    4    7    7 |  1  1 |  22.151      3.396 -0.744 |     16.301    -14.998    330.105   89.586 |
    7 |    23 -         Z0 | 62 |    6    6    8    9 |  1  2 |  21.574      3.422 -0.739 |     15.950    -14.527    330.065   89.586 |
    8 |   -11 -         e+ |  1 |    7    7   -1   -1 |  1  0 |  49.434      1.564 -1.195 |     18.152    -45.980    112.950    0.001 |
    9 |    11 -         e- |  1 |    7    7   -1   -1 |  1  0 |  31.530      2.628  1.641 |     -2.202     31.453    217.115    0.001 |
   10 |  2212 -         p+ |  1 |    1    1   -1   -1 |  1  0 |   1.124     -7.198 -2.082 |     -0.550     -0.981   -751.157    0.938 |
   11 |  2212 -         p+ |  1 |    0    1   -1   -1 |  2  0 |   1.227     -3.091  2.101 |     -0.621      1.059    -13.466    0.938 |
   12 |    21 -          g | 71 |    1    5   17   22 |  2  2 |   1.538      0.983  3.119 |     -1.537      0.035      1.767    0.217 |
   13 |    21 -          g | 71 |    0    5   17   22 |  2  2 |   1.989      1.871 -0.693 |      1.531     -1.270      6.306    0.272 |
   14 |    21 -          g | 71 |    1    5   17   22 |  2  2 |   1.098      2.345  2.863 |     -1.056      0.302      5.675    0.252 |
   15 |    21 -          g | 71 |    5    5   17   22 |  1  2 |  21.471      2.606  2.466 |    -16.759     13.421    144.607   -0.000 |
   16 |    21 -          g | 71 |    0    5   17   22 |  2  2 |   1.581      3.421  3.078 |     -1.578      0.100     24.177    0.282 |
   17 |  2212 -         p+ |  1 |    0   16   -1   -1 |  7  0 |   1.518     -2.991  0.057 |      1.515      0.087    -15.060    0.938 |
   18 |    21 -          g | 71 |    0    1   19   23 |  2  2 |   5.671      4.393  1.855 |     -1.592      5.443    229.273    0.000 |
   19 |  2212 -         p+ |  1 |    0   18   -1   -1 |  3  0 |   0.460      5.026  0.875 |      0.295      0.353     35.074    0.938 |
   20 |  2212 -         p+ |  1 |    0    0   -1   -1 |  1  0 |   0.621      8.661  1.516 |      0.034      0.620   1794.021    0.938 |
   21 |  2212 -         p+ |  1 |    0    1   -1   -1 |  2  0 |   1.696     -3.028 -2.059 |     -0.796     -1.497    -17.469    0.938 |
   22 |   310 -       K_S0 |  1 |    0   16   -1   -1 |  7  0 |   1.046     -1.620  2.438 |     -0.798      0.677     -2.540    0.498 |
   23 |  2212 -         p+ |  1 |    0   18   -1   -1 |  3  0 |   0.803      4.188 -1.092 |      0.370     -0.713     26.455    0.938 |

THIS EVT HAS Z->tautau + 1 gluon + 2 quarks
[ParticleListDrawer] analysing particle collection prunedGenParticles
 idx  |    ID -       Name |Stat|  Mo1  Mo2  Da1  Da2 |nMo nDa|    pt       eta     phi   |     px         py         pz        m     |
    0 |  2212 -         p+ |  4 |   -1   -1    2   51 |  0 16 |   0.000  29256.000  0.000 |      0.000      0.000   6500.000    0.938 |
    1 |  2212 -         p+ |  4 |   -1   -1    3   51 |  0 15 |   0.000 -29256.000  0.000 |      0.000      0.000  -6500.000    0.938 |
    2 |     2 -          u | 21 |    0    0    4    7 |  1  4 |   0.000  24946.371  0.000 |      0.000      0.000   2190.371    0.000 |
    3 |     3 -          s | 21 |    1    1    4    7 |  1  4 |   0.000 -22858.027  0.000 |      0.000      0.000   -102.027    0.000 |
    4 |    23 -         Z0 | 22 |    2    3    8    8 |  2  1 |  56.639     -0.958 -1.878 |    -17.148    -53.981    -62.935   91.910 |
    5 |    21 -          g | 23 |    2    3   26   35 |  2 10 |  52.448      2.513 -1.466 |      5.511    -52.158    321.633    0.000 |
    6 |     2 -          u | 23 |    2    3   12   12 |  2  1 |  40.121      4.014 -0.491 |     35.384    -18.912   1110.868   -0.000 |
    7 |     3 -          s | 23 |    2    3    9    9 |  2  1 | 127.286      2.432  1.758 |    -23.746    125.051    718.777   -0.000 |
    8 |    23 -         Z0 | 44 |    4    4   10   10 |  1  1 |  51.998     -1.041 -2.146 |    -28.284    -43.633    -64.448   91.910 |
    9 |     3 -          s | 44 |    7    7   25   40 |  1  3 | 128.015      2.436  1.763 |    -24.409    125.667    726.085    0.000 |
   10 |    23 -         Z0 | 44 |    8    8   11   11 |  1  1 |  55.494     -0.979 -2.172 |    -31.387    -45.765    -63.455   91.910 |
   11 |    23 -         Z0 | 44 |   10   10   13   13 |  1  1 |  55.443     -0.979 -2.173 |    -31.386    -45.704    -63.371   91.910 |
   12 |     2 -          u | 44 |    6    6   20   20 |  1  1 |  39.105      4.036 -0.440 |     35.374    -16.669   1106.129   -0.000 |
   13 |    23 -         Z0 | 62 |   11   11   14   15 |  1  2 |  55.223     -0.983 -2.171 |    -31.212    -45.557    -63.436   91.910 |
   14 |   -15 -       tau+ |  2 |   13   13   44   46 |  1  3 |  34.478     -0.947 -0.471 |     30.719    -15.654    -37.735    1.777 |
   15 |    15 -       tau- |  2 |   13   13   42   43 |  1  2 |  68.772     -0.366 -2.692 |    -61.931    -29.902    -25.701    1.777 |
   16 |    -3 -       sbar | 73 |    0    1   22   22 |  2  1 |  15.936     -1.262 -0.816 |     10.917    -11.609    -25.898    0.589 |
   17 |    -4 -       cbar | 71 |    0    1   18   18 |  2  1 |   2.885     -4.232 -1.128 |      1.236     -2.607    -99.305    1.762 |
   18 |  -433 -      D*_s- |  2 |    0   17   47   47 |  3  1 |   2.730     -4.311 -1.045 |      1.369     -2.362   -101.672    2.112 |
   19 |  2212 -         p+ |  1 |    0    0   -1   -1 |  1  0 |   0.777      8.136  1.506 |      0.050      0.775   1325.936    0.938 |
   20 |     2 -          u | 71 |   12   12   -1   -1 |  1  0 |  30.292      4.052 -0.377 |     28.169    -11.140    870.579    0.000 |
   21 |     3 -          s | 71 |    0    0   48   49 |  1  2 |   1.247      1.332  2.787 |     -1.169      0.434      2.198    0.500 |
   22 |    -3 -       sbar | 71 |   16   16   48   49 |  1  2 |  15.936     -1.262 -0.816 |     10.917    -11.609    -25.898    0.589 |
   23 |     2 -          u | 71 |    0    1   41   51 |  2  3 |   3.782     -3.687 -0.785 |      2.674     -2.674    -75.464    0.330 |
   24 |    -2 -       ubar | 71 |    0    0   41   51 |  1  3 |   0.740      5.017  0.252 |      0.717      0.184     55.870    0.330 |
   25 |     3 -          s | 71 |    9    9   39   40 |  1  2 | 123.715      2.474  1.781 |    -25.818    120.991    728.855    0.093 |
   26 |    21 -          g | 71 |    0    5   39   40 |  3  2 |   1.050      3.871 -1.256 |      0.325     -0.998     25.193    0.191 |
   27 |    21 -          g | 71 |    5    5   39   40 |  1  2 |   6.083      3.392 -1.775 |     -1.235     -5.956     90.286    0.000 |
   28 |    21 -          g | 71 |    5    5   39   40 |  1  2 |   0.992      2.182 -1.934 |     -0.353     -0.928      4.343    0.000 |
   29 |    21 -          g | 71 |    5    5   39   40 |  1  2 |  11.093      2.472 -1.350 |      2.426    -10.824     65.249    0.000 |
   30 |    21 -          g | 71 |    5    5   39   40 |  1  2 |   5.943      2.607 -1.471 |      0.593     -5.914     40.060    0.000 |
   31 |    21 -          g | 71 |    5    5   39   40 |  1  2 |   3.143      2.505 -1.244 |      1.010     -2.977     19.113    0.000 |
   32 |    21 -          g | 71 |    5    5   39   40 |  1  2 |  13.185      2.394 -1.427 |      1.886    -13.049     71.605    0.000 |
   33 |    21 -          g | 71 |    5    5   39   40 |  1  2 |   4.960      2.397 -1.509 |      0.307     -4.951     27.027    0.000 |
   34 |    21 -          g | 71 |    5    5   39   40 |  1  2 |   0.260      3.513 -0.811 |      0.179     -0.189      4.362    0.000 |
   35 |    21 -          g | 71 |    5    5   39   40 |  1  2 |   2.266      2.177 -1.469 |      0.231     -2.254      9.867    0.000 |
   36 |     4 -          c | 71 |    1    1   38   38 |  1  1 |   0.666     -5.786  0.900 |      0.414      0.522   -108.346    1.500 |
   37 |    21 -          g | 71 |    0    0   38   38 |  1  1 |   5.350      3.760 -2.801 |     -5.043     -1.786    114.811    0.412 |
   38 |   433 -      D*_s+ |  2 |    0   37   52   52 |  4  1 |   0.654     -5.486  0.572 |      0.550      0.354    -78.875    2.112 |
   39 |   111 -        pi0 |  2 |    0   35   53   53 | 14  1 |  33.039      2.462  1.781 |     -6.886     32.314    192.341    0.135 |
   40 |  2212 -         p+ |  1 |    0   35   -1   -1 | 14  0 |   0.873      1.991  1.956 |     -0.328      0.809      3.137    0.938 |
   41 |   310 -       K_S0 |  1 |    0   24   -1   -1 |  4  0 |   1.152     -0.823  2.175 |     -0.655      0.948     -1.058    0.498 |
   42 |    16 -     nu_tau |  1 |   15   15   -1   -1 |  1  0 |  46.407     -0.370 -2.675 |    -41.437    -20.894    -17.556   -0.000 |
   43 |  -211 -        pi- |  1 |   15   15   -1   -1 |  1  0 |  22.387     -0.356 -2.727 |    -20.494     -9.008     -8.145    0.140 |
   44 |   -16 -  nu_taubar |  1 |   14   14   -1   -1 |  1  0 |  20.264     -0.959 -0.445 |     18.294     -8.714    -22.561   -0.000 |
   45 |   -11 -         e+ |  1 |   14   14   -1   -1 |  1  0 |   8.397     -0.878 -0.514 |      7.310     -4.132     -8.362    0.001 |
   46 |    12 -       nu_e |  1 |   14   14   -1   -1 |  1  0 |   5.835     -0.995 -0.502 |      5.115     -2.808     -6.812    0.000 |
   47 |  -431 -       D_s- |  2 |   18   18   -1   -1 |  1  0 |   2.401     -4.353 -1.011 |      1.276     -2.035    -93.328    1.968 |
   48 |    11 -         e- |  1 |    1   22   -1   -1 |  3  0 |   0.151     -5.124  0.317 |      0.144      0.047    -12.697    0.001 |
   49 |   -11 -         e+ |  1 |    1   22   -1   -1 |  3  0 |   0.002     -3.906 -2.458 |     -0.002     -0.002     -0.060    0.001 |
   50 |    11 -         e- |  1 |    0   24   -1   -1 |  4  0 |   0.456     -0.638  2.381 |     -0.330      0.314     -0.311    0.001 |
   51 |   -11 -         e+ |  1 |    0   24   -1   -1 |  4  0 |   0.496     -0.638  2.378 |     -0.358      0.343     -0.339    0.001 |
   52 |   431 -       D_s+ |  2 |   38   38   -1   -1 |  1  0 |   0.676     -5.442  0.465 |      0.604      0.303    -78.025    1.968 |
   53 |    22 -      gamma |  1 |   39   39   -1   -1 |  1  0 |  29.893      2.463  1.780 |     -6.196     29.244    174.135    0.000 |

THIS EVT HAS no Z boson!
[ParticleListDrawer] analysing particle collection prunedGenParticles
 idx  |    ID -       Name |Stat|  Mo1  Mo2  Da1  Da2 |nMo nDa|    pt       eta     phi   |     px         py         pz        m     |
    0 |  2212 -         p+ |  4 |   -1   -1    2   17 |  0 10 |   0.000  29256.000  0.000 |      0.000      0.000   6500.000    0.938 |
    1 |  2212 -         p+ |  4 |   -1   -1    3   17 |  0 11 |   0.000 -29256.000  0.000 |      0.000      0.000  -6500.000    0.938 |
    2 |     2 -          u | 21 |    0    0    4    5 |  1  2 |   0.000  24167.680  0.000 |      0.000      0.000   1411.680    0.000 |
    3 |    -2 -       ubar | 21 |    1    1    4    5 |  1  2 |   0.000 -22756.461  0.000 |      0.000      0.000     -0.461    0.000 |
    4 |   -13 -        mu+ | 23 |    2    3    6    6 |  2  1 |  16.360      5.027 -0.189 |     16.068     -3.077   1247.543    0.106 |
    5 |    13 -        mu- | 23 |    2    3    7    7 |  2  1 |  16.360      2.999  2.952 |    -16.068      3.077    163.676    0.106 |
    6 |   -13 -        mu+ |  1 |    4    4   -1   -1 |  1  0 |  17.841      4.875 -0.249 |     17.292     -4.389   1168.157    0.106 |
    7 |    13 -        mu- |  1 |    5    5   -1   -1 |  1  0 |  10.769      2.422 -3.004 |    -10.667     -1.474     60.197    0.106 |
    8 |    21 -          g | 71 |    0    1   -1   -1 |  2  0 |   6.158     -0.068 -0.729 |      4.593     -4.102     -0.416   -0.000 |
    9 |    21 -          g | 71 |    0    1   10   10 |  2  1 |   5.011      0.947  2.827 |     -4.765      1.551      5.491    0.525 |
   10 |  2212 -         p+ |  1 |    0    9   -1   -1 |  3  0 |   0.239     -1.465  0.336 |      0.225      0.079     -0.489    0.938 |
   11 |  2212 -         p+ |  1 |    0    1   -1   -1 |  2  0 |   0.545      8.297 -2.262 |     -0.347     -0.420   1093.127    0.938 |
   12 |     2 -          u | 71 |    1    1   14   17 |  1  4 |  10.217      3.554  2.337 |     -7.081      7.365    178.477    0.330 |
   13 |    -1 -       dbar | 71 |    0    1   14   17 |  2  4 |   1.265     -4.762  0.522 |      1.096      0.630    -73.973    0.330 |
   14 |    11 -         e- |  1 |    0   13   -1   -1 |  4  0 |   0.066     -2.343 -1.241 |      0.021     -0.063     -0.342    0.001 |
   15 |   -11 -         e+ |  1 |    0   13   -1   -1 |  4  0 |   0.045     -2.553 -1.219 |      0.016     -0.042     -0.288    0.001 |
   16 |    11 -         e- |  1 |    0   13   -1   -1 |  4  0 |   0.082      3.412  0.604 |      0.068      0.047      1.247    0.001 |
   17 |   -11 -         e+ |  1 |    0   13   -1   -1 |  4  0 |   0.203      3.488  0.671 |      0.159      0.126      3.312    0.001 |

THIS EVT HAS Z->tautau + 3 gluons and 1 quark
[ParticleListDrawer] analysing particle collection prunedGenParticles
 idx  |    ID -       Name |Stat|  Mo1  Mo2  Da1  Da2 |nMo nDa|    pt       eta     phi   |     px         py         pz        m     |
    0 |  2212 -         p+ |  4 |   -1   -1    2   51 |  0  9 |   0.000  29256.000  0.000 |      0.000      0.000   6500.000    0.938 |
    1 |  2212 -         p+ |  4 |   -1   -1    3   62 |  0  4 |   0.000 -29256.000  0.000 |      0.000      0.000  -6500.000    0.938 |
    2 |    21 -          g | 21 |    0    0    4    8 |  1  5 |   0.000  22782.496  0.000 |      0.000      0.000     26.496    0.000 |
    3 |     2 -          u | 21 |    1    1    4    8 |  1  5 |   0.000 -24351.285  0.000 |      0.000      0.000  -1595.285    0.000 |
    4 |    23 -         Z0 | 22 |    2    3    9    9 |  2  1 | 108.536     -2.831  1.116 |     47.700     97.493   -917.365   90.353 |
    5 |    21 -          g | 23 |    2    3   18   59 |  2  9 |  21.388     -1.204  1.548 |      0.486     21.382    -32.421   -0.000 |
    6 |    21 -          g | 23 |    2    3   17   48 |  2  5 |  55.701     -1.176 -1.562 |      0.485    -55.699    -81.643    0.000 |
    7 |    21 -          g | 23 |    2    3   12   38 |  2 10 |  47.207     -1.030 -1.824 |    -11.827    -45.702    -57.718   -0.000 |
    8 |     2 -          u | 23 |    2    3   11   11 |  2  1 |  40.777     -3.160 -2.699 |    -36.843    -17.474   -479.641   -0.000 |
    9 |    23 -         Z0 | 44 |    4    4   10   10 |  1  1 | 113.612     -2.819  1.126 |     48.874    102.562   -949.099   90.353 |
   10 |    23 -         Z0 | 44 |    9    9   13   13 |  1  1 | 113.935     -2.819  1.151 |     46.485    104.021   -951.131   90.353 |
   11 |     2 -          u | 44 |    8    8   30   70 |  1  5 |  36.458     -3.131 -2.724 |    -33.326    -14.782   -416.614    0.000 |
   12 |    21 -          g | 51 |    7    7   26   44 |  1  2 |   8.287     -0.225 -2.256 |     -5.242     -6.419     -1.882   -0.000 |
   13 |    23 -         Z0 | 44 |   10   10   15   15 |  1  1 | 114.043     -2.818  1.142 |     47.443    103.706   -951.437   90.353 |
   14 |    21 -          g | 51 |    7    7   24   39 |  1  2 |  11.346     -1.149 -2.149 |     -6.205     -9.499    -16.097   -0.000 |
   15 |    23 -         Z0 | 44 |   13   13   16   16 |  1  1 | 114.044     -2.818  1.142 |     47.445    103.706   -951.444   90.353 |
   16 |    23 -         Z0 | 62 |   15   15   19   20 |  1  2 | 114.428     -2.815  1.129 |     48.966    103.422   -951.421   90.353 |
   17 |    21 -          g | 62 |    6    6   44   44 |  1  1 |   0.475     -0.872 -2.267 |     -0.304     -0.364     -0.469   -0.000 |
   18 |    21 -          g | 62 |    5    5   51   51 |  1  1 |   2.210     -0.730 -1.931 |     -0.778     -2.068     -1.759    0.000 |
   19 |   -15 -       tau+ | 23 |   16   16   21   22 |  1  2 |  41.669     -2.710  2.254 |    -26.308     32.314   -311.674    1.777 |
   20 |    15 -       tau- | 23 |   16   16   23   23 |  1  1 | 103.549     -2.521  0.757 |     75.274     71.107   -639.747    1.777 |
   21 |   -15 -       tau+ |  2 |   19   19   63   65 |  1  3 |  41.669     -2.710  2.254 |    -26.307     32.314   -311.674    1.777 |
   22 |    22 -      gamma |  1 |   19   19   -1   -1 |  1  0 |   0.000     -2.276  2.055 |     -0.000      0.000     -0.001    0.000 |
   23 |    15 -       tau- |  2 |   20   20   66   68 |  1  3 | 103.549     -2.521  0.757 |     75.274     71.107   -639.747    1.777 |
   24 |     1 -          d | 71 |   14   14   27   27 |  1  1 |   6.530     -1.259 -2.151 |     -3.581     -5.460    -10.571    0.330 |
   25 |    21 -          g | 71 |    7    7   27   27 |  1  1 |   0.763     -1.572 -2.893 |     -0.740     -0.188     -1.759    0.000 |
   26 |    -4 -       cbar | 71 |   12   12   27   27 |  1  1 |   5.213     -0.110 -1.907 |     -1.720     -4.921     -0.572    1.500 |
   27 |  -411 -         D- |  2 |   24   26   -1   -1 |  3  0 |   3.107     -0.303 -2.181 |     -1.779     -2.547     -0.957    1.870 |
   28 |     3 -          s | 71 |    0    0   -1   -1 |  1  0 |   7.877      5.455 -0.603 |      6.488     -4.467    921.161    0.500 |
   29 |    21 -          g | 71 |    0    0   -1   -1 |  1  0 |   5.434      5.191 -0.463 |      4.863     -2.426    487.930    0.000 |
   30 |     2 -          u | 71 |   11   11   40   70 |  1  3 |  29.470     -2.995 -2.326 |    -20.190    -21.468   -293.648    0.000 |
   31 |    21 -          g | 71 |   11   11   40   70 |  1  3 |   8.623     -2.993 -2.499 |     -6.902     -5.169    -85.814    0.000 |
   32 |    21 -          g | 71 |    7    7   40   70 |  1  3 |   2.036     -1.476 -0.091 |      2.028     -0.186     -4.220    0.000 |
   33 |    21 -          g | 71 |    7    7   40   70 |  1  3 |   3.552     -1.117 -1.047 |      1.776     -3.075     -4.847    0.322 |
   34 |    21 -          g | 71 |    7    7   40   70 |  1  3 |   4.198     -0.719 -1.494 |      0.323     -4.185     -3.286   -0.000 |
   35 |    21 -          g | 71 |    7    7   40   70 |  1  3 |   4.959     -1.474 -2.013 |     -2.124     -4.482    -10.261    0.000 |
   36 |    21 -          g | 71 |    7    7   40   70 |  1  3 |   3.629     -1.519 -2.389 |     -2.648     -2.481     -7.894    0.000 |
   37 |    21 -          g | 71 |    7    7   40   70 |  1  3 |   1.896     -1.410 -2.684 |     -1.701     -0.837     -3.653    0.000 |
   38 |    21 -          g | 71 |    7    7   40   70 |  1  3 |   7.460     -1.129 -2.452 |     -5.756     -4.745    -10.327    0.000 |
   39 |    -1 -       dbar | 71 |   14   14   40   70 |  1  3 |   4.333     -1.051 -2.233 |     -2.663     -3.419     -5.442    0.330 |
   40 |  2212 -         p+ |  1 |   11   39   -1   -1 | 11  0 |   0.486     -3.241 -2.202 |     -0.287     -0.392     -6.201    0.938 |
   41 |    -2 -       ubar | 71 |    0    0   42   43 |  1  2 |  10.427     -0.675 -2.046 |     -4.773     -9.270     -7.588    0.330 |
   42 |  2212 -         p+ |  1 |    0   41   -1   -1 |  2  0 |   1.073      6.624  0.580 |      0.898      0.588    404.229    0.938 |
   43 |  2212 -         p+ |  1 |    0   41   -1   -1 |  2  0 |   0.780      0.218 -2.414 |     -0.582     -0.519      0.171    0.938 |
   44 |     4 -          c | 71 |   12   17   49   50 |  2  2 |   6.135     -0.812 -2.188 |     -3.553     -5.001     -5.547    1.574 |
   45 |    21 -          g | 71 |    6    6   49   50 |  1  2 |  31.478     -0.924 -1.614 |     -1.354    -31.449    -33.414   -0.000 |
   46 |    21 -          g | 71 |    6    6   49   50 |  1  2 |   1.383     -1.129 -1.666 |     -0.131     -1.376     -1.913   -0.000 |
   47 |    21 -          g | 71 |    6    6   49   50 |  1  2 |   1.043     -0.125 -0.673 |      0.816     -0.650     -0.131    0.210 |
   48 |    21 -          g | 71 |    6    6   49   50 |  1  2 |   0.265     -1.809 -2.881 |     -0.256     -0.068     -0.788    0.000 |
   49 |   423 -        D*0 |  2 |    0   48   71   71 |  6  1 |   5.928     -0.854 -2.115 |     -3.068     -5.072     -5.697    2.007 |
   50 |  2212 -         p+ |  1 |    0   48   -1   -1 |  6  0 |   7.707     -0.924 -1.626 |     -0.426     -7.696     -8.184    0.938 |
   51 |     2 -          u | 71 |    0   18   60   62 |  2  3 |  10.558     -0.751 -1.933 |     -3.745     -9.872     -8.695    0.388 |
   52 |    21 -          g | 71 |    5    5   60   62 |  1  3 |   0.331     -2.150 -2.756 |     -0.306     -0.124     -1.400   -0.000 |
   53 |    21 -          g | 71 |    5    5   60   62 |  1  3 |   2.883     -1.232  2.473 |     -2.262      1.788     -4.523    0.000 |
   54 |    21 -          g | 71 |    5    5   60   62 |  1  3 |   3.343     -1.288  1.938 |     -1.202      3.120     -5.597    0.440 |
   55 |    21 -          g | 71 |    5    5   60   62 |  1  3 |   1.438     -1.356  0.785 |      1.017      1.017     -2.605    0.000 |
   56 |    21 -          g | 71 |    5    5   60   62 |  1  3 |   2.729     -1.527  1.333 |      0.642      2.652     -5.985    0.000 |
   57 |    21 -          g | 71 |    5    5   60   62 |  1  3 |   7.181     -1.301  1.213 |      2.514      6.727    -12.205    0.000 |
   58 |    21 -          g | 71 |    5    5   60   62 |  1  3 |   3.825     -1.278  1.487 |      0.322      3.811     -6.328    0.590 |
   59 |    21 -          g | 71 |    5    5   60   62 |  1  3 |   5.415     -1.161  1.889 |     -1.694      5.144     -7.796    0.000 |
   60 |  2212 -         p+ |  1 |    1   59   -1   -1 | 10  0 |   3.060     -1.496  1.235 |      1.008      2.889     -6.488    0.938 |
   61 |  2212 -         p+ |  1 |    1   59   -1   -1 | 10  0 |   0.308     -8.617  3.063 |     -0.307      0.024   -850.307    0.938 |
   62 |  2212 -         p+ |  1 |    1   59   -1   -1 | 10  0 |   0.844     -1.174  2.173 |     -0.478      0.696     -1.236    0.938 |
   63 |   -16 -  nu_taubar |  1 |   21   21   -1   -1 |  1  0 |  25.557     -2.694  2.231 |    -15.676     20.185   -188.096   -0.000 |
   64 |   111 -        pi0 |  2 |   21   21   72   73 |  1  2 |   0.743     -2.734  2.301 |     -0.496      0.554     -5.696    0.135 |
   65 |   211 -        pi+ |  1 |   21   21   -1   -1 |  1  0 |  15.386     -2.734  2.290 |    -10.135     11.576   -117.882    0.140 |
   66 |    16 -     nu_tau |  1 |   23   23   -1   -1 |  1  0 |  41.995     -2.531  0.754 |     30.613     28.748   -262.070    0.000 |
   67 |    11 -         e- |  1 |   23   23   -1   -1 |  1  0 |  14.914     -2.487  0.779 |     10.609     10.483    -89.009    0.001 |
   68 |   -12 -    nu_ebar |  1 |   23   23   -1   -1 |  1  0 |  46.644     -2.522  0.752 |     34.052     31.876   -288.668    0.000 |
   69 |    11 -         e- |  1 |   11   39   -1   -1 | 11  0 |   0.045     -2.030  1.250 |      0.014      0.042     -0.167    0.001 |
   70 |   -11 -         e+ |  1 |   11   39   -1   -1 | 11  0 |   0.001     -2.477 -1.219 |      0.001     -0.001     -0.009    0.001 |
   71 |   421 -         D0 |  2 |   49   49   -1   -1 |  1  0 |   5.556     -0.858 -2.110 |     -2.853     -4.768     -5.376    1.865 |
   72 |    22 -      gamma |  1 |   64   64   -1   -1 |  1  0 |   0.374     -2.845  2.428 |     -0.283      0.245     -3.209   -0.000 |
   73 |    22 -      gamma |  1 |   64   64   -1   -1 |  1  0 |   0.375     -2.590  2.174 |     -0.213      0.309     -2.487    0.000 |

