700 25 3.845 1.32
700 50 3.799 1.32
700 100 3.721 1.32
700 150 3.553 1.32
700 200 3.336 1.32
700 250 3.078 1.32
700 300 2.769 1.32
700 350 2.412 1.32
700 400 2.045 1.32
700 450 1.609 1.32
700 500 1.173 1.32
700 550 0.7613 1.32
700 600 0.3932 1.32
700 650 0.1286 1.32
700 675 0.05156 1.32
800 25 2.166 1.32
800 50 2.12 1.32
800 100 2.107 1.32
800 150 2.009 1.32
800 200 1.927 1.32
800 250 1.806 1.32
800 300 1.687 1.32
800 350 1.526 1.32
800 400 1.349 1.32
800 450 1.154 1.32
800 500 0.9494 1.32
800 550 0.7421 1.32
800 600 0.535 1.32
800 650 0.338 1.32
800 700 0.1739 1.32
800 750 0.05738 1.32
800 775 0.02454 1.32
900 25 1.257 1.31
900 50 1.256 1.31
900 100 1.229 1.31
900 150 1.19 1.31
900 200 1.138 1.31
900 250 1.102 1.31
900 300 1.023 1.31
900 350 0.9564 1.31
900 400 0.8649 1.31
900 450 0.7896 1.31
900 500 0.6841 1.31
900 550 0.5792 1.31
900 600 0.4716 1.31
900 650 0.362 1.31
900 700 0.2567 1.31
900 750 0.1609 1.31
900 800 0.08264 1.31
900 850 0.02792 1.31
900 875 0.01238 1.31
1000 25 0.7627 1.31
1000 50 0.7611 1.31
1000 100 0.7411 1.31
1000 150 0.7212 1.31
1000 200 0.7016 1.31
1000 250 0.6691 1.31
1000 300 0.6438 1.31
1000 350 0.6057 1.31
1000 400 0.5639 1.31
1000 450 0.5159 1.31
1000 500 0.4681 1.31
1000 550 0.4143 1.31
1000 600 0.3573 1.31
1000 650 0.3044 1.31
1000 700 0.2423 1.31
1000 750 0.1854 1.31
1000 800 0.1301 1.31
1000 850 0.08123 1.31
1000 900 0.04097 1.31
1000 950 0.0142 1.31
1000 975 0.006671 1.31
1100 25 0.4729 1.3
1100 50 0.474 1.3
1100 100 0.4629 1.3
1100 150 0.4545 1.3
1100 200 0.442 1.3
1100 250 0.4272 1.3
1100 300 0.4099 1.3
1100 350 0.3903 1.3
1100 400 0.3682 1.3
1100 450 0.3449 1.3
1100 500 0.3171 1.3
1100 550 0.2914 1.3
1100 600 0.2599 1.3
1100 650 0.2268 1.3
1100 700 0.1976 1.3
1100 750 0.1635 1.3
1100 800 0.1306 1.3
1100 850 0.09801 1.3
1100 900 0.06892 1.3
1100 950 0.0423 1.3
1100 1000 0.0216 1.3
1100 1050 0.007572 1.3
1100 1075 0.003654 1.3
1200 25 0.3027 1.3
1200 50 0.2972 1.3
1200 100 0.2943 1.3
1200 150 0.289 1.3
1200 200 0.2786 1.3
1200 250 0.2719 1.3
1200 300 0.2657 1.3
1200 350 0.2535 1.3
1200 400 0.2407 1.3
1200 450 0.2291 1.3
1200 500 0.2138 1.3
1200 550 0.1983 1.3
1200 600 0.1834 1.3
1200 650 0.1656 1.3
1200 700 0.1479 1.3
1200 750 0.1286 1.3
1200 800 0.1095 1.3
1200 850 0.09055 1.3
1200 900 0.07138 1.3
1200 950 0.05303 1.3
1200 1000 0.03737 1.3
1200 1050 0.02286 1.3
1200 1100 0.01161 1.3
1200 1150 0.004194 1.3
1200 1175 0.002086 1.3
1300 25 0.1939 1.29
1300 50 0.1941 1.29
1300 100 0.1903 1.29
1300 150 0.1858 1.29
1300 200 0.1806 1.29
1300 250 0.1791 1.29
1300 300 0.1719 1.29
1300 350 0.1659 1.29
1300 400 0.1593 1.29
1300 450 0.1523 1.29
1300 500 0.1451 1.29
1300 550 0.1361 1.29
1300 600 0.1266 1.29
1300 650 0.1167 1.29
1300 700 0.106 1.29
1300 750 0.09597 1.29
1300 800 0.08444 1.29
1300 850 0.0737 1.29
1300 900 0.06207 1.29
1300 950 0.05083 1.29
1300 1000 0.04018 1.29
1300 1050 0.03009 1.29
1300 1100 0.02064 1.29
1300 1150 0.01258 1.29
1300 1200 0.006468 1.29
1300 1250 0.002377 1.29
1300 1275 0.001222 1.29
1400 25 0.1285 1.29
1400 50 0.1281 1.29
1400 100 0.1263 1.29
1400 150 0.1228 1.29
1400 200 0.1188 1.29
1400 250 0.1169 1.29
1400 300 0.1138 1.29
1400 350 0.1101 1.29
1400 400 0.1061 1.29
1400 450 0.101 1.29
1400 500 0.09723 1.29
1400 550 0.09269 1.29
1400 600 0.08734 1.29
1400 650 0.0814 1.29
1400 700 0.0754 1.29
1400 750 0.06946 1.29
1400 800 0.06276 1.29
1400 850 0.05666 1.29
1400 900 0.05003 1.29
1400 950 0.04301 1.29
1400 1000 0.03614 1.29
1400 1050 0.02953 1.29
1400 1100 0.02307 1.29
1400 1150 0.01708 1.29
1400 1200 0.01166 1.29
1400 1250 0.007202 1.29
1400 1300 0.00365 1.29
1400 1350 0.001374 1.29
1400 1375 0.0007295 1.29
1500 25 0.08578 1.28
1500 50 0.08498 1.28
1500 100 0.08295 1.28
1500 150 0.08188 1.28
1500 200 0.07965 1.28
1500 250 0.07807 1.28
1500 300 0.07597 1.28
1500 350 0.07336 1.28
1500 400 0.07102 1.28
1500 450 0.06895 1.28
1500 500 0.066 1.28
1500 550 0.06312 1.28
1500 600 0.06012 1.28
1500 650 0.05672 1.28
1500 700 0.05311 1.28
1500 750 0.0497 1.28
1500 800 0.04577 1.28
1500 850 0.04221 1.28
1500 900 0.03764 1.28
1500 950 0.03349 1.28
1500 1000 0.02938 1.28
1500 1050 0.02513 1.28
1500 1100 0.02123 1.28
1500 1150 0.01691 1.28
1500 1200 0.01357 1.28
1500 1250 0.009857 1.28
1500 1300 0.006752 1.28
1500 1350 0.004156 1.28
1500 1400 0.00213 1.28
1500 1450 0.0008089 1.28
1500 1475 0.0004389 1.28
1600 25 0.05719 1.28
1600 50 0.05678 1.28
1600 100 0.05523 1.28
1600 150 0.05457 1.28
1600 200 0.05331 1.28
1600 250 0.05193 1.28
1600 300 0.05119 1.28
1600 350 0.04954 1.28
1600 400 0.04822 1.28
1600 450 0.04692 1.28
1600 500 0.04496 1.28
1600 550 0.04321 1.28
1600 600 0.04113 1.28
1600 650 0.03918 1.28
1600 700 0.03704 1.28
1600 750 0.03507 1.28
1600 800 0.0327 1.28
1600 850 0.03024 1.28
1600 900 0.02795 1.28
1600 950 0.0254 1.28
1600 1000 0.02272 1.28
1600 1050 0.02027 1.28
1600 1100 0.01768 1.28
1600 1150 0.01501 1.28
1600 1200 0.01258 1.28
1600 1250 0.01021 1.28
1600 1300 0.007923 1.28
1600 1350 0.005821 1.28
1600 1400 0.003958 1.28
1600 1450 0.002433 1.28
1600 1500 0.001248 1.28
1600 1550 0.0004807 1.28
1600 1575 0.0002684 1.28
1700 25 0.03914 1.27
1700 50 0.03899 1.27
1700 100 0.0379 1.27
1700 150 0.03709 1.27
1700 200 0.03614 1.27
1700 250 0.03526 1.27
1700 300 0.03443 1.27
1700 350 0.03359 1.27
1700 400 0.03261 1.27
1700 450 0.03164 1.27
1700 500 0.03049 1.27
1700 550 0.0294 1.27
1700 600 0.0285 1.27
1700 650 0.02709 1.27
1700 700 0.02561 1.27
1700 750 0.02455 1.27
1700 800 0.02302 1.27
1700 850 0.0216 1.27
1700 900 0.02025 1.27
1700 950 0.01871 1.27
1700 1000 0.01702 1.27
1700 1050 0.01554 1.27
1700 1100 0.01392 1.27
1700 1150 0.0123 1.27
1700 1200 0.01071 1.27
1700 1250 0.008996 1.27
1700 1300 0.007541 1.27
1700 1350 0.006077 1.27
1700 1400 0.004712 1.27
1700 1450 0.003464 1.27
1700 1500 0.002368 1.27
1700 1550 0.001447 1.27
1700 1600 0.0007413 1.27
1700 1650 0.0002928 1.27
1700 1675 0.0001661 1.27
1800 25 0.02689 1.27
1800 50 0.02641 1.27
1800 100 0.02591 1.27
1800 150 0.02529 1.27
1800 200 0.02454 1.27
1800 250 0.02402 1.27
1800 300 0.0235 1.27
1800 350 0.0228 1.27
1800 400 0.02221 1.27
1800 450 0.02154 1.27
1800 500 0.02092 1.27
1800 550 0.02017 1.27
1800 600 0.0194 1.27
1800 650 0.01877 1.27
1800 700 0.01785 1.27
1800 750 0.01715 1.27
1800 800 0.01624 1.27
1800 850 0.01544 1.27
1800 900 0.0145 1.27
1800 950 0.01351 1.27
1800 1000 0.01252 1.27
1800 1050 0.01156 1.27
1800 1100 0.0106 1.27
1800 1150 0.00958 1.27
1800 1200 0.008485 1.27
1800 1250 0.00748 1.27
1800 1300 0.0065 1.27
1800 1350 0.005542 1.27
1800 1400 0.004587 1.27
1800 1450 0.003682 1.27
1800 1500 0.002808 1.27
1800 1550 0.002082 1.27
1800 1600 0.001404 1.27
1800 1650 0.000861 1.27
1800 1700 0.0004412 1.27
1800 1750 0.0001778 1.27
1800 1775 0.0001012 1.27
1900 25 0.01861 1.26
1900 50 0.01835 1.26
1900 100 0.01786 1.26
1900 150 0.01737 1.26
1900 200 0.0168 1.26
1900 250 0.01637 1.26
1900 300 0.01607 1.26
1900 350 0.01563 1.26
1900 400 0.01518 1.26
1900 450 0.01476 1.26
1900 500 0.0143 1.26
1900 550 0.0138 1.26
1900 600 0.01339 1.26
1900 650 0.01294 1.26
1900 700 0.01237 1.26
1900 750 0.01185 1.26
1900 800 0.01142 1.26
1900 850 0.01083 1.26
1900 900 0.01034 1.26
1900 950 0.009713 1.26
1900 1000 0.009074 1.26
1900 1050 0.008405 1.26
1900 1100 0.007799 1.26
1900 1150 0.007207 1.26
1900 1200 0.006566 1.26
1900 1250 0.0059 1.26
1900 1300 0.005258 1.26
1900 1350 0.004609 1.26
1900 1400 0.004 1.26
1900 1450 0.003348 1.26
1900 1500 0.002773 1.26
1900 1550 0.002231 1.26
1900 1600 0.001729 1.26
1900 1650 0.001258 1.26
1900 1700 0.0008472 1.26
1900 1750 0.0005167 1.26
1900 1800 0.0002676 1.26
1900 1850 0.0001081 1.26
1900 1875 6.308e-05 1.26
2000 25 0.01294 1.26
2000 50 0.01268 1.26
2000 100 0.01231 1.26
2000 150 0.01195 1.26
2000 200 0.01159 1.26
2000 250 0.01126 1.26
2000 300 0.01104 1.26
2000 350 0.0107 1.26
2000 400 0.01046 1.26
2000 450 0.01011 1.26
2000 500 0.009868 1.26
2000 550 0.009533 1.26
2000 600 0.009168 1.26
2000 650 0.008971 1.26
2000 700 0.00858 1.26
2000 750 0.008304 1.26
2000 800 0.007909 1.26
2000 850 0.007497 1.26
2000 900 0.007191 1.26
2000 950 0.006827 1.26
2000 1000 0.006464 1.26
2000 1050 0.006076 1.26
2000 1100 0.005699 1.26
2000 1150 0.005282 1.26
2000 1200 0.004857 1.26
2000 1250 0.004483 1.26
2000 1300 0.004087 1.26
2000 1350 0.003638 1.26
2000 1400 0.003235 1.26
2000 1450 0.002832 1.26
2000 1500 0.002461 1.26
2000 1550 0.00206 1.26
2000 1600 0.001701 1.26
2000 1650 0.001358 1.26
2000 1700 0.001038 1.26
2000 1750 0.0007664 1.26
2000 1800 0.0005161 1.26
2000 1850 0.0003144 1.26
2000 1900 0.0001626 1.26
2000 1950 6.664e-05 1.26
2000 1975 3.94e-05 1.26
2100 25 0.009115 1.25
2100 50 0.009071 1.25
2100 100 0.008636 1.25
2100 150 0.00836 1.25
2100 200 0.008144 1.25
2100 250 0.007833 1.25
2100 300 0.007575 1.25
2100 350 0.007408 1.25
2100 400 0.007166 1.25
2100 450 0.006996 1.25
2100 500 0.006802 1.25
2100 550 0.006597 1.25
2100 600 0.006361 1.25
2100 650 0.006184 1.25
2100 700 0.005951 1.25
2100 750 0.005744 1.25
2100 800 0.005513 1.25
2100 850 0.005286 1.25
2100 900 0.005056 1.25
2100 950 0.004814 1.25
2100 1000 0.004592 1.25
2100 1050 0.004347 1.25
2100 1100 0.004091 1.25
2100 1150 0.003827 1.25
2100 1200 0.003582 1.25
2100 1250 0.003323 1.25
2100 1300 0.003073 1.25
2100 1350 0.00281 1.25
2100 1400 0.002551 1.25
2100 1450 0.002271 1.25
2100 1500 0.002015 1.25
2100 1550 0.001728 1.25
2100 1600 0.0015 1.25
2100 1650 0.001279 1.25
2100 1700 0.001035 1.25
2100 1750 0.0008303 1.25
2100 1800 0.000634 1.25
2100 1850 0.0004633 1.25
2100 1900 0.0003127 1.25
2100 1950 0.0001902 1.25
2100 2000 9.835e-05 1.25
2100 2050 4.128e-05 1.25
2100 2075 2.452e-05 1.25
2200 50 0.006449 1.25
2200 100 0.006125 1.25
2200 150 0.005865 1.25
2200 200 0.005647 1.25
2200 250 0.005462 1.25
2200 300 0.005289 1.25
2200 350 0.005144 1.25
2200 400 0.004991 1.25
2200 450 0.004834 1.25
2200 500 0.004674 1.25
2200 550 0.004551 1.25
2200 600 0.004384 1.25
2200 650 0.00424 1.25
2200 700 0.004111 1.25
2200 750 0.003997 1.25
2200 800 0.003824 1.25
2200 850 0.003676 1.25
2200 900 0.003543 1.25
2200 950 0.003404 1.25
2200 1000 0.003229 1.25
2200 1050 0.00308 1.25
2200 1100 0.002896 1.25
2200 1150 0.002757 1.25
2200 1200 0.002593 1.25
2200 1250 0.00241 1.25
2200 1300 0.002268 1.25
2200 1350 0.002074 1.25
2200 1400 0.001919 1.25
2200 1450 0.001734 1.25
2200 1500 0.001582 1.25
2200 1550 0.001408 1.25
2200 1600 0.001239 1.25
2200 1650 0.001088 1.25
2200 1700 0.0009295 1.25
2200 1750 0.0007801 1.25
2200 1800 0.0006326 1.25
2200 1850 0.0005064 1.25
2200 1900 0.0003862 1.25
2200 1950 0.000281 1.25
2200 2000 0.0001893 1.25
2200 2050 0.0001153 1.25
2200 2100 6.017e-05 1.25
2200 2150 2.542e-05 1.25
2300 25 0.004733 1.24
2300 50 0.004587 1.24
2300 100 0.004323 1.24
2300 150 0.004168 1.24
2300 200 0.003984 1.24
2300 250 0.003847 1.24
2300 300 0.003689 1.24
2300 350 0.003586 1.24
2300 400 0.003458 1.24
2300 450 0.00336 1.24
2300 500 0.003259 1.24
2300 550 0.003138 1.24
2300 600 0.003065 1.24
2300 650 0.00295 1.24
2300 700 0.00287 1.24
2300 750 0.002731 1.24
2300 800 0.002661 1.24
2300 850 0.002553 1.24
2300 900 0.002469 1.24
2300 950 0.002371 1.24
2300 1000 0.002252 1.24
2300 1050 0.00216 1.24
2300 1100 0.002052 1.24
2300 1150 0.001954 1.24
2300 1200 0.001838 1.24
2300 1250 0.001743 1.24
2300 1300 0.001641 1.24
2300 1350 0.001523 1.24
2300 1400 0.001413 1.24
2300 1450 0.001321 1.24
2300 1500 0.001199 1.24
2300 1550 0.001091 1.24
2300 1600 0.0009804 1.24
2300 1650 0.0008653 1.24
2300 1700 0.0007707 1.24
2300 1750 0.00068 1.24
2300 1800 0.0005739 1.24
2300 1850 0.0004793 1.24
2300 1900 0.0003937 1.24
2300 1950 0.000311 1.24
2300 2000 0.0002381 1.24
2300 2050 0.0001728 1.24
2300 2100 0.0001158 1.24
2300 2150 7.053e-05 1.24
2300 2200 3.708e-05 1.24
2300 2250 1.573e-05 1.24
2400 25 0.003441 1.24
2400 50 0.003354 1.24
2400 100 0.003129 1.24
2400 150 0.002977 1.24
2400 200 0.00285 1.24
2400 250 0.002742 1.24
2400 300 0.002621 1.24
2400 350 0.002526 1.24
2400 400 0.002433 1.24
2400 450 0.002348 1.24
2400 500 0.002276 1.24
2400 550 0.002201 1.24
2400 600 0.002111 1.24
2400 650 0.002068 1.24
2400 700 0.001976 1.24
2400 750 0.001911 1.24
2400 800 0.001845 1.24
2400 850 0.001768 1.24
2400 900 0.001713 1.24
2400 950 0.001643 1.24
2400 1000 0.001579 1.24
2400 1050 0.001511 1.24
2400 1100 0.001439 1.24
2400 1150 0.001369 1.24
2400 1200 0.001307 1.24
2400 1250 0.001241 1.24
2400 1300 0.001171 1.24
2400 1350 0.001101 1.24
2400 1400 0.001031 1.24
2400 1450 0.0009641 1.24
2400 1500 0.0008936 1.24
2400 1550 0.000814 1.24
2400 1600 0.0007497 1.24
2400 1650 0.0006841 1.24
2400 1700 0.0006124 1.24
2400 1750 0.0005424 1.24
2400 1800 0.0004784 1.24
2400 1850 0.0004175 1.24
2400 1900 0.0003503 1.24
2400 1950 0.0002974 1.24
2400 2000 0.00024 1.24
2400 2050 0.0001914 1.24
2400 2100 0.0001457 1.24
2400 2150 0.000105 1.24
2400 2200 7.099e-05 1.24
2400 2250 4.304e-05 1.24
2400 2300 2.262e-05 1.24
2400 2350 9.713e-06 1.24
2500 25 0.002543 1.32
2500 1200 0.0009225 1.32
2500 1250 0.0008715 1.32
2500 1300 0.0008266 1.32
2500 1350 0.0007877 1.32
2500 1400 0.0007387 1.32
2500 1450 0.000693 1.32
2500 1500 0.0006463 1.32
2500 1550 0.0006018 1.32
2500 1600 0.0005589 1.32
2500 1650 0.0005148 1.32
2500 1700 0.000467 1.32
2500 1750 0.0004239 1.32
2500 1800 0.00038 1.32
2500 1850 0.0003377 1.32
2500 1900 0.0002974 1.32
2500 1950 0.000258 1.32
2500 2000 0.0002201 1.32
2500 2050 0.0001826 1.32
2500 2100 0.000147 1.32
2500 2150 0.0001169 1.32
2500 2200 8.94e-05 1.32
2500 2250 6.47e-05 1.32
2500 2300 4.295e-05 1.32
2500 2350 2.624e-05 1.32
2500 2400 1.391e-05 1.32
2500 2450 5.983e-06 1.32
