channel   DY   data/DY   leadLeptPtCut   subleadLeptPtCut   leadJetPtCut   subleadJetPtCut
EE	AMC	0.793421	33	20	-10	-10
EE	POWHEG	0.789149	33	20	-10	-10
EE	MADHT	0.795009	33	20	-10	-10
 
MuMu	AMC	0.997054	33	20	-10	-10
MuMu	POWHEG	0.978798	33	20	-10	-10
MuMu	MADHT	0.98322	33	20	-10	-10
 
EE	AMC	0.799514	33	25	-10	-10
EE	POWHEG	0.794511	33	25	-10	-10
EE	MADHT	0.797493	33	25	-10	-10
 
MuMu	AMC	0.999071	33	25	-10	-10
MuMu	POWHEG	0.979752	33	25	-10	-10
MuMu	MADHT	0.981061	33	25	-10	-10
 
EE	AMC	0.812946	33	29	-10	-10
EE	POWHEG	0.804997	33	29	-10	-10
EE	MADHT	0.807523	33	29	-10	-10
 
MuMu	AMC	1.00122	33	29	-10	-10
MuMu	POWHEG	0.980435	33	29	-10	-10
MuMu	MADHT	0.978155	33	29	-10	-10
 
EE	AMC	0.803902	35	25	-10	-10
EE	POWHEG	0.798819	35	25	-10	-10
EE	MADHT	0.802434	35	25	-10	-10
 
MuMu	AMC	0.997809	35	25	-10	-10
MuMu	POWHEG	0.980085	35	25	-10	-10
MuMu	MADHT	0.981918	35	25	-10	-10
 
EE	AMC	0.815913	35	29	-10	-10
EE	POWHEG	0.808066	35	29	-10	-10
EE	MADHT	0.81069	35	29	-10	-10
 
MuMu	AMC	1.0003	35	29	-10	-10
MuMu	POWHEG	0.980754	35	29	-10	-10
MuMu	MADHT	0.978996	35	29	-10	-10
 
EE	AMC	0.824207	35	31	-10	-10
EE	POWHEG	0.814837	35	31	-10	-10
EE	MADHT	0.817314	35	31	-10	-10
 
MuMu	AMC	1.00376	35	31	-10	-10
MuMu	POWHEG	0.982888	35	31	-10	-10
MuMu	MADHT	0.97928	35	31	-10	-10
 
EE	AMC	0.81743	37	29	-10	-10
EE	POWHEG	0.810279	37	29	-10	-10
EE	MADHT	0.81414	37	29	-10	-10
 
MuMu	AMC	0.999517	37	29	-10	-10
MuMu	POWHEG	0.981065	37	29	-10	-10
MuMu	MADHT	0.979294	37	29	-10	-10
 
EE	AMC	0.832332	37	33	-10	-10
EE	POWHEG	0.820834	37	33	-10	-10
EE	MADHT	0.823388	37	33	-10	-10
 
MuMu	AMC	1.00613	37	33	-10	-10
MuMu	POWHEG	0.985507	37	33	-10	-10
MuMu	MADHT	0.979801	37	33	-10	-10
 
EE	AMC	0.831929	40	33	-10	-10
EE	POWHEG	0.822706	40	33	-10	-10
EE	MADHT	0.82629	40	33	-10	-10
 
MuMu	AMC	1.00404	40	33	-10	-10
MuMu	POWHEG	0.98716	40	33	-10	-10
MuMu	MADHT	0.980794	40	33	-10	-10
 
EE	AMC	0.836332	40	35	-10	-10
EE	POWHEG	0.825885	40	35	-10	-10
EE	MADHT	0.827942	40	35	-10	-10
 
MuMu	AMC	1.00784	40	35	-10	-10
MuMu	POWHEG	0.988999	40	35	-10	-10
MuMu	MADHT	0.980839	40	35	-10	-10
 
EE	AMC	0.794829	33	20	10	10
EE	POWHEG	0.827444	33	20	10	10
EE	MADHT	0.831857	33	20	10	10
 
MuMu	AMC	1.02039	33	20	10	10
MuMu	POWHEG	1.04097	33	20	10	10
MuMu	MADHT	1.04263	33	20	10	10
 
EE	AMC	0.802791	33	25	10	10
EE	POWHEG	0.835084	33	25	10	10
EE	MADHT	0.834192	33	25	10	10
 
MuMu	AMC	1.02302	33	25	10	10
MuMu	POWHEG	1.04247	33	25	10	10
MuMu	MADHT	1.0405	33	25	10	10
 
EE	AMC	0.819613	33	29	10	10
EE	POWHEG	0.84853	33	29	10	10
EE	MADHT	0.845916	33	29	10	10
 
MuMu	AMC	1.02622	33	29	10	10
MuMu	POWHEG	1.04331	33	29	10	10
MuMu	MADHT	1.03738	33	29	10	10
 
EE	AMC	0.806133	35	25	10	10
EE	POWHEG	0.838042	35	25	10	10
EE	MADHT	0.83819	35	25	10	10
 
MuMu	AMC	1.02206	35	25	10	10
MuMu	POWHEG	1.04317	35	25	10	10
MuMu	MADHT	1.04178	35	25	10	10
 
EE	AMC	0.821904	35	29	10	10
EE	POWHEG	0.850803	35	29	10	10
EE	MADHT	0.848745	35	29	10	10
 
MuMu	AMC	1.02571	35	29	10	10
MuMu	POWHEG	1.04454	35	29	10	10
MuMu	MADHT	1.03861	35	29	10	10
 
EE	AMC	0.831622	35	31	10	10
EE	POWHEG	0.859086	35	31	10	10
EE	MADHT	0.857244	35	31	10	10
 
MuMu	AMC	1.03041	35	31	10	10
MuMu	POWHEG	1.04857	35	31	10	10
MuMu	MADHT	1.03955	35	31	10	10
 
EE	AMC	0.823057	37	29	10	10
EE	POWHEG	0.853284	37	29	10	10
EE	MADHT	0.851565	37	29	10	10
 
MuMu	AMC	1.02576	37	29	10	10
MuMu	POWHEG	1.04553	37	29	10	10
MuMu	MADHT	1.04022	37	29	10	10
 
EE	AMC	0.840234	37	33	10	10
EE	POWHEG	0.86621	37	33	10	10
EE	MADHT	0.863899	37	33	10	10
 
MuMu	AMC	1.0345	37	33	10	10
MuMu	POWHEG	1.05287	37	33	10	10
MuMu	MADHT	1.04323	37	33	10	10
 
EE	AMC	0.840711	40	33	10	10
EE	POWHEG	0.868852	40	33	10	10
EE	MADHT	0.867931	40	33	10	10
 
MuMu	AMC	1.03281	40	33	10	10
MuMu	POWHEG	1.05467	40	33	10	10
MuMu	MADHT	1.04544	40	33	10	10
 
EE	AMC	0.843547	40	35	10	10
EE	POWHEG	0.871286	40	35	10	10
EE	MADHT	0.868109	40	35	10	10
 
MuMu	AMC	1.03752	40	35	10	10
MuMu	POWHEG	1.05627	40	35	10	10
MuMu	MADHT	1.04683	40	35	10	10
 
EE	AMC	0.79498	33	20	30	30
EE	POWHEG	1.20321	33	20	30	30
EE	MADHT	0.963937	33	20	30	30
 
MuMu	AMC	0.974507	33	20	30	30
MuMu	POWHEG	1.53799	33	20	30	30
MuMu	MADHT	1.1506	33	20	30	30
 
EE	AMC	0.803964	33	25	30	30
EE	POWHEG	1.2363	33	25	30	30
EE	MADHT	0.968009	33	25	30	30
 
MuMu	AMC	0.974189	33	25	30	30
MuMu	POWHEG	1.54883	33	25	30	30
MuMu	MADHT	1.15077	33	25	30	30
 
EE	AMC	0.817781	33	29	30	30
EE	POWHEG	1.25775	33	29	30	30
EE	MADHT	0.998783	33	29	30	30
 
MuMu	AMC	0.96073	33	29	30	30
MuMu	POWHEG	1.52749	33	29	30	30
MuMu	MADHT	1.14757	33	29	30	30
 
EE	AMC	0.805931	35	25	30	30
EE	POWHEG	1.23659	35	25	30	30
EE	MADHT	0.969625	35	25	30	30
 
MuMu	AMC	0.973879	35	25	30	30
MuMu	POWHEG	1.54595	35	25	30	30
MuMu	MADHT	1.1494	35	25	30	30
 
EE	AMC	0.81887	35	29	30	30
EE	POWHEG	1.2572	35	29	30	30
EE	MADHT	0.999361	35	29	30	30
 
MuMu	AMC	0.96021	35	29	30	30
MuMu	POWHEG	1.52362	35	29	30	30
MuMu	MADHT	1.14626	35	29	30	30
 
EE	AMC	0.820679	35	31	30	30
EE	POWHEG	1.26042	35	31	30	30
EE	MADHT	1.01235	35	31	30	30
 
MuMu	AMC	0.960342	35	31	30	30
MuMu	POWHEG	1.52305	35	31	30	30
MuMu	MADHT	1.14953	35	31	30	30
 
EE	AMC	0.818886	37	29	30	30
EE	POWHEG	1.2561	37	29	30	30
EE	MADHT	1.00084	37	29	30	30
 
MuMu	AMC	0.960066	37	29	30	30
MuMu	POWHEG	1.52106	37	29	30	30
MuMu	MADHT	1.14774	37	29	30	30
 
EE	AMC	0.822597	37	33	30	30
EE	POWHEG	1.25574	37	33	30	30
EE	MADHT	1.01158	37	33	30	30
 
MuMu	AMC	0.965336	37	33	30	30
MuMu	POWHEG	1.5045	37	33	30	30
MuMu	MADHT	1.14969	37	33	30	30
 
EE	AMC	0.820643	40	33	30	30
EE	POWHEG	1.24795	40	33	30	30
EE	MADHT	1.01319	40	33	30	30
 
MuMu	AMC	0.966068	40	33	30	30
MuMu	POWHEG	1.49721	40	33	30	30
MuMu	MADHT	1.15227	40	33	30	30
 
EE	AMC	0.816793	40	35	30	30
EE	POWHEG	1.22306	40	35	30	30
EE	MADHT	1.01835	40	35	30	30
 
MuMu	AMC	0.962448	40	35	30	30
MuMu	POWHEG	1.48188	40	35	30	30
MuMu	MADHT	1.15775	40	35	30	30
 
EE	AMC	0.798371	33	20	35	35
EE	POWHEG	1.3192	33	20	35	35
EE	MADHT	0.971875	33	20	35	35
 
MuMu	AMC	0.971742	33	20	35	35
MuMu	POWHEG	1.7025	33	20	35	35
MuMu	MADHT	1.16527	33	20	35	35
 
EE	AMC	0.810377	33	25	35	35
EE	POWHEG	1.34583	33	25	35	35
EE	MADHT	0.974515	33	25	35	35
 
MuMu	AMC	0.97125	33	25	35	35
MuMu	POWHEG	1.71571	33	25	35	35
MuMu	MADHT	1.16944	33	25	35	35
 
EE	AMC	0.825616	33	29	35	35
EE	POWHEG	1.35946	33	29	35	35
EE	MADHT	1.01097	33	29	35	35
 
MuMu	AMC	0.953287	33	29	35	35
MuMu	POWHEG	1.67235	33	29	35	35
MuMu	MADHT	1.16206	33	29	35	35
 
EE	AMC	0.812594	35	25	35	35
EE	POWHEG	1.34665	35	25	35	35
EE	MADHT	0.97626	35	25	35	35
 
MuMu	AMC	0.970571	35	25	35	35
MuMu	POWHEG	1.71069	35	25	35	35
MuMu	MADHT	1.16782	35	25	35	35
 
EE	AMC	0.827027	35	29	35	35
EE	POWHEG	1.35971	35	29	35	35
EE	MADHT	1.01187	35	29	35	35
 
MuMu	AMC	0.952945	35	29	35	35
MuMu	POWHEG	1.66775	35	29	35	35
MuMu	MADHT	1.16068	35	29	35	35
 
EE	AMC	0.828489	35	31	35	35
EE	POWHEG	1.36557	35	31	35	35
EE	MADHT	1.02467	35	31	35	35
 
MuMu	AMC	0.956805	35	31	35	35
MuMu	POWHEG	1.66017	35	31	35	35
MuMu	MADHT	1.16402	35	31	35	35
 
EE	AMC	0.826014	37	29	35	35
EE	POWHEG	1.35703	37	29	35	35
EE	MADHT	1.01323	37	29	35	35
 
MuMu	AMC	0.952908	37	29	35	35
MuMu	POWHEG	1.66364	37	29	35	35
MuMu	MADHT	1.1613	37	29	35	35
 
EE	AMC	0.828358	37	33	35	35
EE	POWHEG	1.35492	37	33	35	35
EE	MADHT	1.02566	37	33	35	35
 
MuMu	AMC	0.960665	37	33	35	35
MuMu	POWHEG	1.62659	37	33	35	35
MuMu	MADHT	1.16425	37	33	35	35
 
EE	AMC	0.82664	40	33	35	35
EE	POWHEG	1.34392	40	33	35	35
EE	MADHT	1.02566	40	33	35	35
 
MuMu	AMC	0.960479	40	33	35	35
MuMu	POWHEG	1.61887	40	33	35	35
MuMu	MADHT	1.16761	40	33	35	35
 
EE	AMC	0.822719	40	35	35	35
EE	POWHEG	1.30823	40	35	35	35
EE	MADHT	1.03081	40	35	35	35
 
MuMu	AMC	0.957164	40	35	35	35
MuMu	POWHEG	1.5938	40	35	35	35
MuMu	MADHT	1.17083	40	35	35	35
 
EE	AMC	0.803048	33	20	40	40
EE	POWHEG	1.44955	33	20	40	40
EE	MADHT	0.981253	33	20	40	40
 
MuMu	AMC	0.985141	33	20	40	40
MuMu	POWHEG	1.86273	33	20	40	40
MuMu	MADHT	1.17753	33	20	40	40
 
EE	AMC	0.814911	33	25	40	40
EE	POWHEG	1.47083	33	25	40	40
EE	MADHT	0.982444	33	25	40	40
 
MuMu	AMC	0.982844	33	25	40	40
MuMu	POWHEG	1.86801	33	25	40	40
MuMu	MADHT	1.17713	33	25	40	40
 
EE	AMC	0.830257	33	29	40	40
EE	POWHEG	1.47299	33	29	40	40
EE	MADHT	1.01374	33	29	40	40
 
MuMu	AMC	0.961933	33	29	40	40
MuMu	POWHEG	1.8135	33	29	40	40
MuMu	MADHT	1.17639	33	29	40	40
 
EE	AMC	0.816088	35	25	40	40
EE	POWHEG	1.47161	35	25	40	40
EE	MADHT	0.983941	35	25	40	40
 
MuMu	AMC	0.981847	35	25	40	40
MuMu	POWHEG	1.86147	35	25	40	40
MuMu	MADHT	1.17492	35	25	40	40
 
EE	AMC	0.830779	35	29	40	40
EE	POWHEG	1.47422	35	29	40	40
EE	MADHT	1.01401	35	29	40	40
 
MuMu	AMC	0.96148	35	29	40	40
MuMu	POWHEG	1.80871	35	29	40	40
MuMu	MADHT	1.17452	35	29	40	40
 
EE	AMC	0.832557	35	31	40	40
EE	POWHEG	1.47218	35	31	40	40
EE	MADHT	1.02682	35	31	40	40
 
MuMu	AMC	0.96564	35	31	40	40
MuMu	POWHEG	1.78872	35	31	40	40
MuMu	MADHT	1.17796	35	31	40	40
 
EE	AMC	0.829539	37	29	40	40
EE	POWHEG	1.4722	37	29	40	40
EE	MADHT	1.01434	37	29	40	40
 
MuMu	AMC	0.961985	37	29	40	40
MuMu	POWHEG	1.80529	37	29	40	40
MuMu	MADHT	1.17559	37	29	40	40
 
EE	AMC	0.829673	37	33	40	40
EE	POWHEG	1.45131	37	33	40	40
EE	MADHT	1.02852	37	33	40	40
 
MuMu	AMC	0.969015	37	33	40	40
MuMu	POWHEG	1.74822	37	33	40	40
MuMu	MADHT	1.17831	37	33	40	40
 
EE	AMC	0.826757	40	33	40	40
EE	POWHEG	1.43977	40	33	40	40
EE	MADHT	1.02848	40	33	40	40
 
MuMu	AMC	0.968675	40	33	40	40
MuMu	POWHEG	1.73957	40	33	40	40
MuMu	MADHT	1.18161	40	33	40	40
 
EE	AMC	0.822105	40	35	40	40
EE	POWHEG	1.39031	40	35	40	40
EE	MADHT	1.03214	40	35	40	40
 
MuMu	AMC	0.965467	40	35	40	40
MuMu	POWHEG	1.70413	40	35	40	40
MuMu	MADHT	1.18524	40	35	40	40
 
EE	AMC	0.806425	33	20	45	45
EE	POWHEG	1.56921	33	20	45	45
EE	MADHT	0.99715	33	20	45	45
 
MuMu	AMC	0.981634	33	20	45	45
MuMu	POWHEG	2.0599	33	20	45	45
MuMu	MADHT	1.19356	33	20	45	45
 
EE	AMC	0.81363	33	25	45	45
EE	POWHEG	1.59214	33	25	45	45
EE	MADHT	0.994453	33	25	45	45
 
MuMu	AMC	0.980071	33	25	45	45
MuMu	POWHEG	2.05135	33	25	45	45
MuMu	MADHT	1.19324	33	25	45	45
 
EE	AMC	0.831785	33	29	45	45
EE	POWHEG	1.59193	33	29	45	45
EE	MADHT	1.02361	33	29	45	45
 
MuMu	AMC	0.961463	33	29	45	45
MuMu	POWHEG	1.97056	33	29	45	45
MuMu	MADHT	1.19007	33	29	45	45
 
EE	AMC	0.815501	35	25	45	45
EE	POWHEG	1.59348	35	25	45	45
EE	MADHT	0.996646	35	25	45	45
 
MuMu	AMC	0.979745	35	25	45	45
MuMu	POWHEG	2.04292	35	25	45	45
MuMu	MADHT	1.19156	35	25	45	45
 
EE	AMC	0.832702	35	29	45	45
EE	POWHEG	1.59404	35	29	45	45
EE	MADHT	1.02379	35	29	45	45
 
MuMu	AMC	0.96128	35	29	45	45
MuMu	POWHEG	1.9647	35	29	45	45
MuMu	MADHT	1.18927	35	29	45	45
 
EE	AMC	0.833907	35	31	45	45
EE	POWHEG	1.5965	35	31	45	45
EE	MADHT	1.03543	35	31	45	45
 
MuMu	AMC	0.968929	35	31	45	45
MuMu	POWHEG	1.93178	35	31	45	45
MuMu	MADHT	1.19614	35	31	45	45
 
EE	AMC	0.831506	37	29	45	45
EE	POWHEG	1.59128	37	29	45	45
EE	MADHT	1.02419	37	29	45	45
 
MuMu	AMC	0.96142	37	29	45	45
MuMu	POWHEG	1.96228	37	29	45	45
MuMu	MADHT	1.1896	37	29	45	45
 
EE	AMC	0.833086	37	33	45	45
EE	POWHEG	1.56513	37	33	45	45
EE	MADHT	1.03821	37	33	45	45
 
MuMu	AMC	0.971797	37	33	45	45
MuMu	POWHEG	1.86748	37	33	45	45
MuMu	MADHT	1.19834	37	33	45	45
 
EE	AMC	0.829166	40	33	45	45
EE	POWHEG	1.55012	40	33	45	45
EE	MADHT	1.03655	40	33	45	45
 
MuMu	AMC	0.971609	40	33	45	45
MuMu	POWHEG	1.85568	40	33	45	45
MuMu	MADHT	1.20247	40	33	45	45
 
EE	AMC	0.8278	40	35	45	45
EE	POWHEG	1.4921	40	35	45	45
EE	MADHT	1.0396	40	35	45	45
 
MuMu	AMC	0.969723	40	35	45	45
MuMu	POWHEG	1.80485	40	35	45	45
MuMu	MADHT	1.20248	40	35	45	45
 
EE	DYAMC	0.958805	35	35	-10	-10
EE	DYPOWHEG	0.94291	35	35	-10	-10
EE	DYMADHT	0.943522	35	35	-10	-10
 
MuMu	DYAMC	1.01028	35	35	-10	-10
MuMu	DYPOWHEG	0.987367	35	35	-10	-10
MuMu	DYMADHT	0.98079	35	35	-10	-10
 
EE	DYAMC	0.828158	35	35	400	40
EE	DYPOWHEG	2.33911	35	35	400	40
EE	DYMADHT	0.788733	35	35	400	40
 
MuMu	DYAMC	1.06512	35	35	400	40
MuMu	DYPOWHEG	2.95709	35	35	400	40
MuMu	DYMADHT	1.13532	35	35	400	40
 
EE	DYAMC	0.953565	35	35	40	40
EE	DYPOWHEG	1.61761	35	35	40	40
EE	DYMADHT	1.18988	35	35	40	40
 
MuMu	DYAMC	0.974779	35	35	40	40
MuMu	DYPOWHEG	1.72802	35	35	40	40
MuMu	DYMADHT	1.1973	35	35	40	40
 
EE	DYAMC	0.965957	35	35	40	40
EE	DYPOWHEG	1.63416	35	35	40	40
EE	DYMADHT	1.20765	35	35	40	40
 
MuMu	DYAMC	0.983168	35	35	40	40
MuMu	DYPOWHEG	1.743	35	35	40	40
MuMu	DYMADHT	1.21072	35	35	40	40
 
EE	DYAMC	0.965957	35	35	40	40
EE	DYPOWHEG	1.63416	35	35	40	40
EE	DYMADHT	1.20765	35	35	40	40
 
MuMu	DYAMC	0.983168	35	35	40	40
MuMu	DYPOWHEG	1.743	35	35	40	40
MuMu	DYMADHT	1.21072	35	35	40	40
 
EE	DYAMC	0.938398	35	35	40	40
EE	DYPOWHEG	1.59944	35	35	40	40
EE	DYMADHT	1.17448	35	35	40	40
 
MuMu	DYAMC	0.964348	35	35	40	40
MuMu	DYPOWHEG	1.71119	35	35	40	40
MuMu	DYMADHT	1.18092	35	35	40	40
 
EE	DYAMC	0.957353	35	35	-10	-10
EE	DYPOWHEG	0.94165	35	35	-10	-10
EE	DYMADHT	0.941731	35	35	-10	-10
 
MuMu	DYAMC	1.00926	35	35	-10	-10
MuMu	DYPOWHEG	0.986991	35	35	-10	-10
MuMu	DYMADHT	0.979594	35	35	-10	-10
 
EE	DYAMC	0.957353	0.0021977	35	35	-10	-10
EE	DYPOWHEG	0.94165	0.00215296	35	35	-10	-10
EE	DYMADHT	0.941731	0.00215319	35	35	-10	-10
 
MuMu	DYAMC	1.00926	0.00147243	35	35	-10	-10
MuMu	DYPOWHEG	0.986991	0.00143194	35	35	-10	-10
MuMu	DYMADHT	0.979594	0.00141856	35	35	-10	-10
 
EE	DYAMC	0.957353	0.0021977	35	35	-10	-10
EE	DYPOWHEG	0.94165	0.00215296	35	35	-10	-10
EE	DYMADHT	0.941731	0.00215319	35	35	-10	-10
 
MuMu	DYAMC	1.00926	0.00147243	35	35	-10	-10
MuMu	DYPOWHEG	0.986991	0.00143194	35	35	-10	-10
MuMu	DYMADHT	0.979594	0.00141856	35	35	-10	-10
 
EE	DYAMC	0.957353	0.0021977	35	35	-10	-10
EE	DYPOWHEG	0.94165	0.00215296	35	35	-10	-10
EE	DYMADHT	0.941731	0.00215319	35	35	-10	-10
 
MuMu	DYAMC	1.00926	0.00147243	35	35	-10	-10
MuMu	DYPOWHEG	0.986991	0.00143194	35	35	-10	-10
MuMu	DYMADHT	0.979594	0.00141856	35	35	-10	-10
 
EE	DYAMC	0.957353	0.0021977	35	35	-10	-10
EE	DYPOWHEG	0.94165	0.00215296	35	35	-10	-10
EE	DYMADHT	0.941731	0.00215319	35	35	-10	-10
 
MuMu	DYAMC	1.00926	0.00147243	35	35	-10	-10
MuMu	DYPOWHEG	0.986991	0.00143194	35	35	-10	-10
MuMu	DYMADHT	0.979594	0.00141856	35	35	-10	-10
 
EE	DYAMC	0.66096	0.0170299	35	35	-10	-10
EE	DYPOWHEG	0.00634305	0.000127212	35	35	-10	-10
EE	DYMADHT	0.0063436	0.000127223	35	35	-10	-10
 
MuMu	DYAMC	1.00926	0.00147243	35	35	-10	-10
MuMu	DYPOWHEG	0.986991	0.00143194	35	35	-10	-10
MuMu	DYMADHT	0.979594	0.00141856	35	35	-10	-10
 
EE	DYAMC	0.957353	0.0021977	35	35	-10	-10
EE	DYPOWHEG	0.94165	0.00215296	35	35	-10	-10
EE	DYMADHT	0.941731	0.00215319	35	35	-10	-10
 
MuMu	DYAMC	1.00926	0.00147243	35	35	-10	-10
MuMu	DYPOWHEG	0.986991	0.00143194	35	35	-10	-10
MuMu	DYMADHT	0.979594	0.00141856	35	35	-10	-10
 
EE	DYAMC	0.957353	0.0021977	35	35	-10	-10
EE	DYPOWHEG	0.94165	0.00215296	35	35	-10	-10
EE	DYMADHT	0.941731	0.00215319	35	35	-10	-10
 
MuMu	DYAMC	1.00926	0.00147243	35	35	-10	-10
MuMu	DYPOWHEG	0.986991	0.00143194	35	35	-10	-10
MuMu	DYMADHT	0.979594	0.00141856	35	35	-10	-10
 
EE	DYAMC	0.957353	0.0021977	35	35	-10	-10
EE	DYPOWHEG	0.94165	0.00215296	35	35	-10	-10
EE	DYMADHT	0.941731	0.00215319	35	35	-10	-10
 
MuMu	DYAMC	1.00926	0.00147243	35	35	-10	-10
MuMu	DYPOWHEG	0.986991	0.00143194	35	35	-10	-10
MuMu	DYMADHT	0.979594	0.00141856	35	35	-10	-10
 
EE	DYAMC	0.957353	0.0021977	35	35	-10	-10
EE	DYPOWHEG	0.94165	0.00215296	35	35	-10	-10
EE	DYMADHT	0.941731	0.00215319	35	35	-10	-10
 
MuMu	DYAMC	1.00926	0.00147243	35	35	-10	-10
MuMu	DYPOWHEG	0.986991	0.00143194	35	35	-10	-10
MuMu	DYMADHT	0.979594	0.00141856	35	35	-10	-10
 
EE	DYAMC	0.957353	0.0021977	35	35	-10	-10
EE	DYPOWHEG	0.94165	0.00215296	35	35	-10	-10
EE	DYMADHT	0.941731	0.00215319	35	35	-10	-10
 
MuMu	DYAMC	1.00926	0.00147243	35	35	-10	-10
MuMu	DYPOWHEG	0.986991	0.00143194	35	35	-10	-10
MuMu	DYMADHT	0.979594	0.00141856	35	35	-10	-10
 
EE	DYAMC	0.957353	0.0021977	35	35	-10	-10
EE	DYPOWHEG	0.94165	0.00215296	35	35	-10	-10
EE	DYMADHT	0.941731	0.00215319	35	35	-10	-10
 
MuMu	DYAMC	1.00926	0.00147243	35	35	-10	-10
MuMu	DYPOWHEG	0.986991	0.00143194	35	35	-10	-10
MuMu	DYMADHT	0.979594	0.00141856	35	35	-10	-10
 
EE	DYAMC	0.957353	0.0021977	35	35	-10	-10
EE	DYPOWHEG	0.94165	0.00215296	35	35	-10	-10
EE	DYMADHT	0.941731	0.00215319	35	35	-10	-10
 
MuMu	DYAMC	1.00926	0.00147243	35	35	-10	-10
MuMu	DYPOWHEG	0.986991	0.00143194	35	35	-10	-10
MuMu	DYMADHT	0.979594	0.00141856	35	35	-10	-10
 
EE	DYAMC	0.957353	0.0021977	35	35	-10	-10
EE	DYPOWHEG	0.94165	0.00215296	35	35	-10	-10
EE	DYMADHT	0.941731	0.00215319	35	35	-10	-10
 
MuMu	DYAMC	1.00926	0.00147243	35	35	-10	-10
MuMu	DYPOWHEG	0.986991	0.00143194	35	35	-10	-10
MuMu	DYMADHT	0.979594	0.00141856	35	35	-10	-10
 
EE	DYAMC	0.938398	0.0027799	35	35	40	40
EE	DYPOWHEG	1.59944	0.0469465	35	35	40	40
EE	DYMADHT	1.17448	0.03017	35	35	40	40
 
MuMu	DYAMC	0.964348	0.00213028	35	35	40	40
MuMu	DYPOWHEG	1.71119	0.0427086	35	35	40	40
MuMu	DYMADHT	1.18092	0.0241323	35	35	40	40
 
EE	DYAMC	0.938398	0.0027799	35	35	40	40
EE	DYPOWHEG	1.59944	0.0469465	35	35	40	40
EE	DYMADHT	1.17448	0.03017	35	35	40	40
 
MuMu	DYAMC	0.964348	0.00213028	35	35	40	40
MuMu	DYPOWHEG	1.71119	0.0427086	35	35	40	40
MuMu	DYMADHT	1.18092	0.0241323	35	35	40	40
 
EE	DYAMC	0.957348	0.00127475	35	35	-10	-10
EE	DYPOWHEG	0.941645	0.00521098	35	35	-10	-10
EE	DYMADHT	0.941726	0.00532944	35	35	-10	-10
 
MuMu	DYAMC	1.00925	0.000754254	35	35	-10	-10
MuMu	DYPOWHEG	0.986992	0.00316567	35	35	-10	-10
MuMu	DYMADHT	0.979596	0.0029727	35	35	-10	-10
 
EE	DYAMC	0.957348	0.00127475	35	35	-10	-10
EE	DYPOWHEG	0.941645	0.00521098	35	35	-10	-10
EE	DYMADHT	0.941726	0.00532944	35	35	-10	-10
 
MuMu	DYAMC	1.00925	0.000754254	35	35	-10	-10
MuMu	DYPOWHEG	0.986992	0.00316567	35	35	-10	-10
MuMu	DYMADHT	0.979596	0.0029727	35	35	-10	-10
 
EE	DYAMC	0.938398	0.0027799	35	35	40	40
EE	DYPOWHEG	1.59944	0.0469465	35	35	40	40
EE	DYMADHT	1.17448	0.03017	35	35	40	40
 
MuMu	DYAMC	0.964348	0.00213028	35	35	40	40
MuMu	DYPOWHEG	1.71119	0.0427086	35	35	40	40
MuMu	DYMADHT	1.18092	0.0241323	35	35	40	40
 
