#mass low hi
EE 0 600 6500
EE 800 700 950
EE 1000 950 1200
EE 1200 1050 1350
EE 1400 1200 1700
EE 1600 1400 1900
EE 1800 1450 2000
EE 2000 1700 2200
EE 2200 1850 2550
EE 2400 2150 3050
EE 2600 2250 3350
EE 2800 2500 3900
EE 3000 2700 4100
EE 3200 2700 4250
EE 3600 2700 4450
EE 3800 2700 4550
EE 4000 2800 4700
EE 4200 2800 4800
EE 4400 2800 4900
EE 4600 2800 5000
EE 4800 2800 5200
EE 5000 2900 5400
EE 5200 3000 5700
EE 5600 3000 6000
EE 5800 3000 6100
EE 6000 3000 6200
MuMu 0 600 6500
MuMu 800 750 950
MuMu 1000 950 1150
MuMu 1200 1050 1400
MuMu 1400 1150 1650
MuMu 1600 1400 1900
MuMu 1800 1550 2000
MuMu 2000 1750 2400
MuMu 2200 1950 2600
MuMu 2400 2100 3100
MuMu 2600 2250 3400
MuMu 2800 2500 3500
MuMu 3000 2650 3700
MuMu 3200 2800 4100
MuMu 3600 2950 4450
MuMu 3800 3000 4700
MuMu 4000 3100 5000
MuMu 4200 3100 5200
MuMu 4400 3100 5300
MuMu 4600 3100 5400
MuMu 4800 3100 5500
MuMu 5000 3100 5600
MuMu 5200 3100 5800
MuMu 5600 3100 6100
MuMu 5800 3100 6200
MuMu 6000 3100 6400
