#M_WR M_NU XS(pb) XS_ERR(pb)
ee 800 100 6.048e+00 4.463e-02
ee 800 200 5.578e+00 4.157e-02
ee 800 300 4.976e+00 3.745e-02
ee 800 400 4.132e+00 3.131e-02
ee 800 500 3.021e+00 2.316e-02
ee 800 600 1.767e+00 1.308e-02
ee 800 700 6.004e-01 4.390e-03
ee 900 100 3.768e+00 2.576e-02
ee 900 200 3.573e+00 2.459e-02
ee 900 300 3.287e+00 2.268e-02
ee 900 400 2.830e+00 1.955e-02
ee 900 500 2.294e+00 1.521e-02
ee 900 600 1.638e+00 1.132e-02
ee 900 700 9.289e-01 6.550e-03
ee 900 800 3.120e-01 1.979e-03
ee 1000 100 2.482e+00 1.669e-02
ee 1000 200 2.390e+00 1.612e-02
ee 1000 300 2.186e+00 1.483e-02
ee 1000 400 1.989e+00 1.337e-02
ee 1000 500 1.685e+00 1.120e-02
ee 1000 600 1.318e+00 8.877e-03
ee 1000 700 9.220e-01 6.451e-03
ee 1000 800 5.132e-01 3.525e-03
ee 1000 900 1.719e-01 1.000e-03
ee 1100 100 1.694e+00 1.121e-02
ee 1100 200 1.605e+00 1.079e-02
ee 1100 300 1.507e+00 1.021e-02
ee 1100 400 1.381e+00 9.284e-03
ee 1100 500 1.214e+00 8.034e-03
ee 1100 600 1.027e+00 6.766e-03
ee 1100 700 7.898e-01 5.375e-03
ee 1100 800 5.423e-01 3.792e-03
ee 1100 900 2.999e-01 1.957e-03
ee 1100 1000 9.787e-02 5.362e-04
ee 1200 100 1.159e+00 7.654e-03
ee 1200 200 1.126e+00 7.499e-03
ee 1200 300 1.065e+00 7.147e-03
ee 1200 400 9.907e-01 6.624e-03
ee 1200 500 8.887e-01 5.910e-03
ee 1200 600 7.746e-01 5.064e-03
ee 1200 700 6.441e-01 4.319e-03
ee 1200 800 4.869e-01 3.353e-03
ee 1200 900 3.310e-01 2.290e-03
ee 1200 1000 1.783e-01 1.123e-03
ee 1200 1100 5.891e-02 3.107e-04
ee 1300 100 8.181e-01 5.404e-03
ee 1300 200 8.016e-01 5.334e-03
ee 1300 300 7.608e-01 5.075e-03
ee 1300 400 7.189e-01 4.779e-03
ee 1300 500 6.512e-01 4.351e-03
ee 1300 600 5.843e-01 3.788e-03
ee 1300 700 5.062e-01 3.391e-03
ee 1300 800 4.139e-01 2.800e-03
ee 1300 900 3.125e-01 2.134e-03
ee 1300 1000 2.065e-01 1.392e-03
ee 1300 1100 1.099e-01 6.830e-04
ee 1300 1200 3.633e-02 1.884e-04
ee 1400 100 5.917e-01 3.869e-03
ee 1400 200 5.719e-01 3.785e-03
ee 1400 300 5.507e-01 3.686e-03
ee 1400 400 5.221e-01 3.477e-03
ee 1400 500 4.883e-01 3.233e-03
ee 1400 600 4.482e-01 2.914e-03
ee 1400 700 3.923e-01 2.571e-03
ee 1400 800 3.387e-01 2.272e-03
ee 1400 900 2.729e-01 1.836e-03
ee 1400 1000 2.021e-01 1.368e-03
ee 1400 1100 1.327e-01 8.909e-04
ee 1400 1200 6.950e-02 4.160e-04
ee 1400 1300 2.291e-02 1.167e-04
ee 1500 100 4.322e-01 2.808e-03
ee 1500 200 4.217e-01 2.773e-03
ee 1500 300 4.028e-01 2.682e-03
ee 1500 400 3.925e-01 2.610e-03
ee 1500 500 3.657e-01 2.421e-03
ee 1500 600 3.355e-01 2.178e-03
ee 1500 700 2.996e-01 1.951e-03
ee 1500 800 2.693e-01 1.785e-03
ee 1500 900 2.257e-01 1.504e-03
ee 1500 1000 1.813e-01 1.210e-03
ee 1500 1100 1.321e-01 8.959e-04
ee 1500 1200 8.678e-02 5.615e-04
ee 1500 1300 4.505e-02 2.634e-04
ee 1500 1400 1.513e-02 7.718e-05
ee 1600 100 3.186e-01 2.058e-03
ee 1600 200 3.183e-01 2.079e-03
ee 1600 300 3.028e-01 2.010e-03
ee 1600 400 2.917e-01 1.941e-03
ee 1600 500 2.750e-01 1.810e-03
ee 1600 600 2.580e-01 1.671e-03
ee 1600 700 2.377e-01 1.537e-03
ee 1600 800 2.108e-01 1.388e-03
ee 1600 900 1.814e-01 1.204e-03
ee 1600 1000 1.540e-01 1.023e-03
ee 1600 1100 1.213e-01 8.163e-04
ee 1600 1200 8.842e-02 6.003e-04
ee 1600 1300 5.795e-02 3.687e-04
ee 1600 1400 3.017e-02 1.731e-04
ee 1600 1500 9.931e-03 4.942e-05
ee 1700 100 2.399e-01 1.544e-03
ee 1700 200 2.352e-01 1.531e-03
ee 1700 300 2.282e-01 1.502e-03
ee 1700 400 2.180e-01 1.441e-03
ee 1700 500 2.081e-01 1.372e-03
ee 1700 600 1.969e-01 1.276e-03
ee 1700 700 1.842e-01 1.176e-03
ee 1700 800 1.669e-01 1.092e-03
ee 1700 900 1.476e-01 9.692e-04
ee 1700 1000 1.279e-01 8.444e-04
ee 1700 1100 1.059e-01 7.048e-04
ee 1700 1200 8.348e-02 5.558e-04
ee 1700 1300 6.076e-02 4.133e-04
ee 1700 1400 3.912e-02 2.464e-04
ee 1700 1500 1.996e-02 1.129e-04
ee 1700 1600 6.802e-03 3.379e-05
ee 1800 100 1.834e-01 1.171e-03
ee 1800 200 1.791e-01 1.163e-03
ee 1800 300 1.739e-01 1.153e-03
ee 1800 400 1.660e-01 1.100e-03
ee 1800 500 1.599e-01 1.049e-03
ee 1800 600 1.521e-01 9.829e-04
ee 1800 700 1.435e-01 9.015e-04
ee 1800 800 1.303e-01 8.503e-04
ee 1800 900 1.186e-01 7.740e-04
ee 1800 1000 1.035e-01 6.793e-04
ee 1800 1100 9.044e-02 5.945e-04
ee 1800 1200 7.526e-02 4.989e-04
ee 1800 1300 5.750e-02 3.838e-04
ee 1800 1400 4.246e-02 2.875e-04
ee 1800 1500 2.707e-02 1.677e-04
ee 1800 1600 1.377e-02 7.726e-05
ee 1800 1700 4.676e-03 2.321e-05
ee 1900 100 1.403e-01 8.971e-04
ee 1900 200 1.359e-01 8.880e-04
ee 1900 300 1.337e-01 8.831e-04
ee 1900 400 1.289e-01 8.520e-04
ee 1900 500 1.237e-01 8.094e-04
ee 1900 600 1.175e-01 7.535e-04
ee 1900 700 1.118e-01 6.991e-04
ee 1900 800 1.027e-01 6.605e-04
ee 1900 900 9.437e-02 6.093e-04
ee 1900 1000 8.580e-02 5.582e-04
ee 1900 1100 7.544e-02 4.940e-04
ee 1900 1200 6.398e-02 4.211e-04
ee 1900 1300 5.295e-02 3.488e-04
ee 1900 1400 4.046e-02 2.720e-04
ee 1900 1500 2.925e-02 1.971e-04
ee 1900 1600 1.872e-02 1.148e-04
ee 1900 1700 9.471e-03 5.199e-05
ee 1900 1800 3.254e-03 1.608e-05
ee 2000 100 1.078e-01 6.884e-04
ee 2000 200 1.053e-01 6.869e-04
ee 2000 300 1.029e-01 6.767e-04
ee 2000 400 9.860e-02 6.500e-04
ee 2000 500 9.562e-02 6.250e-04
ee 2000 600 9.116e-02 5.874e-04
ee 2000 700 8.744e-02 5.394e-04
ee 2000 800 8.171e-02 5.183e-04
ee 2000 900 7.585e-02 4.848e-04
ee 2000 1000 6.870e-02 4.461e-04
ee 2000 1100 6.248e-02 4.065e-04
ee 2000 1200 5.419e-02 3.550e-04
ee 2000 1300 4.571e-02 3.016e-04
ee 2000 1400 3.740e-02 2.485e-04
ee 2000 1500 2.924e-02 1.956e-04
ee 2000 1600 2.092e-02 1.378e-04
ee 2000 1700 1.313e-02 7.922e-05
ee 2000 1800 6.702e-03 3.647e-05
ee 2000 1900 2.335e-03 1.171e-05
ee 2100 100 8.431e-02 5.320e-04
ee 2100 200 8.255e-02 5.346e-04
ee 2100 300 7.983e-02 5.224e-04
ee 2100 400 7.728e-02 5.098e-04
ee 2100 500 7.434e-02 4.868e-04
ee 2100 600 7.116e-02 4.552e-04
ee 2100 700 6.825e-02 4.187e-04
ee 2100 800 6.435e-02 4.057e-04
ee 2100 900 5.973e-02 3.793e-04
ee 2100 1000 5.587e-02 3.602e-04
ee 2100 1100 5.060e-02 3.276e-04
ee 2100 1200 4.505e-02 2.949e-04
ee 2100 1300 3.938e-02 2.592e-04
ee 2100 1400 3.345e-02 2.201e-04
ee 2100 1500 2.703e-02 1.785e-04
ee 2100 1600 2.092e-02 1.399e-04
ee 2100 1700 1.486e-02 9.510e-05
ee 2100 1800 9.330e-03 5.587e-05
ee 2100 1900 4.750e-03 2.537e-05
ee 2100 2000 1.664e-03 8.306e-06
ee 2200 100 6.563e-02 4.117e-04
ee 2200 200 6.420e-02 4.128e-04
ee 2200 300 6.253e-02 4.098e-04
ee 2200 400 6.092e-02 4.008e-04
ee 2200 500 5.903e-02 3.845e-04
ee 2200 600 5.640e-02 3.634e-04
ee 2200 700 5.478e-02 3.350e-04
ee 2200 800 5.109e-02 3.205e-04
ee 2200 900 4.852e-02 3.072e-04
ee 2200 1000 4.472e-02 2.841e-04
ee 2200 1100 4.156e-02 2.666e-04
ee 2200 1200 3.713e-02 2.409e-04
ee 2200 1300 3.345e-02 2.185e-04
ee 2200 1400 2.890e-02 1.888e-04
ee 2200 1500 2.449e-02 1.606e-04
ee 2200 1600 1.961e-02 1.294e-04
ee 2200 1700 1.506e-02 1.007e-04
ee 2200 1800 1.068e-02 6.836e-05
ee 2200 1900 6.628e-03 3.946e-05
ee 2200 2000 3.418e-03 1.820e-05
ee 2200 2100 1.209e-03 6.052e-06
ee 2300 100 5.133e-02 3.222e-04
ee 2300 200 5.041e-02 3.227e-04
ee 2300 300 4.921e-02 3.219e-04
ee 2300 400 4.781e-02 3.128e-04
ee 2300 500 4.574e-02 2.993e-04
ee 2300 600 4.461e-02 2.861e-04
ee 2300 700 4.369e-02 2.670e-04
ee 2300 800 4.104e-02 2.543e-04
ee 2300 900 3.876e-02 2.424e-04
ee 2300 1000 3.651e-02 2.302e-04
ee 2300 1100 3.383e-02 2.146e-04
ee 2300 1200 3.099e-02 1.994e-04
ee 2300 1300 2.754e-02 1.780e-04
ee 2300 1400 2.452e-02 1.595e-04
ee 2300 1500 2.151e-02 1.412e-04
ee 2300 1600 1.775e-02 1.172e-04
ee 2300 1700 1.433e-02 9.467e-05
ee 2300 1800 1.084e-02 7.241e-05
ee 2300 1900 7.684e-03 4.862e-05
ee 2300 2000 4.829e-03 2.856e-05
ee 2300 2100 2.443e-03 1.295e-05
ee 2300 2200 8.786e-04 4.363e-06
ee 2400 100 4.086e-02 2.552e-04
ee 2400 200 3.968e-02 2.534e-04
ee 2400 300 3.917e-02 2.553e-04
ee 2400 400 3.735e-02 2.437e-04
ee 2400 500 3.688e-02 2.407e-04
ee 2400 600 3.584e-02 2.306e-04
ee 2400 700 3.432e-02 2.081e-04
ee 2400 800 3.269e-02 1.994e-04
ee 2400 900 3.123e-02 1.929e-04
ee 2400 1000 2.905e-02 1.814e-04
ee 2400 1100 2.751e-02 1.722e-04
ee 2400 1200 2.518e-02 1.603e-04
ee 2400 1300 2.299e-02 1.478e-04
ee 2400 1400 2.077e-02 1.343e-04
ee 2400 1500 1.846e-02 1.194e-04
ee 2400 1600 1.587e-02 1.039e-04
ee 2400 1700 1.326e-02 8.666e-05
ee 2400 1800 1.046e-02 6.939e-05
ee 2400 1900 8.057e-03 5.397e-05
ee 2400 2000 5.667e-03 3.567e-05
ee 2400 2100 3.544e-03 2.059e-05
ee 2400 2200 1.776e-03 9.241e-06
ee 2400 2300 6.444e-04 3.237e-06
ee 2500 100 3.277e-02 2.025e-04
ee 2500 200 3.155e-02 2.010e-04
ee 2500 300 3.067e-02 1.987e-04
ee 2500 400 3.002e-02 1.954e-04
ee 2500 500 2.933e-02 1.911e-04
ee 2500 600 2.821e-02 1.801e-04
ee 2500 700 2.735e-02 1.662e-04
ee 2500 800 2.607e-02 1.579e-04
ee 2500 900 2.496e-02 1.530e-04
ee 2500 1000 2.379e-02 1.473e-04
ee 2500 1100 2.232e-02 1.397e-04
ee 2500 1200 2.103e-02 1.327e-04
ee 2500 1300 1.909e-02 1.221e-04
ee 2500 1400 1.739e-02 1.115e-04
ee 2500 1500 1.553e-02 1.005e-04
ee 2500 1600 1.381e-02 8.996e-05
ee 2500 1700 1.168e-02 7.657e-05
ee 2500 1800 9.915e-03 6.472e-05
ee 2500 1900 7.849e-03 5.204e-05
ee 2500 2000 5.889e-03 3.915e-05
ee 2500 2100 4.151e-03 2.585e-05
ee 2500 2200 2.606e-03 1.515e-05
ee 2500 2300 1.319e-03 6.842e-06
ee 2500 2400 4.782e-04 2.406e-06
ee 2600 100 2.582e-02 1.601e-04
ee 2600 200 2.535e-02 1.602e-04
ee 2600 300 2.480e-02 1.600e-04
ee 2600 400 2.418e-02 1.575e-04
ee 2600 500 2.325e-02 1.508e-04
ee 2600 600 2.258e-02 1.443e-04
ee 2600 700 2.178e-02 1.338e-04
ee 2600 800 2.091e-02 1.259e-04
ee 2600 900 2.031e-02 1.228e-04
ee 2600 1000 1.944e-02 1.187e-04
ee 2600 1100 1.802e-02 1.119e-04
ee 2600 1200 1.700e-02 1.064e-04
ee 2600 1300 1.576e-02 9.963e-05
ee 2600 1400 1.443e-02 9.193e-05
ee 2600 1500 1.315e-02 8.428e-05
ee 2600 1600 1.183e-02 7.658e-05
ee 2600 1700 1.028e-02 6.684e-05
ee 2600 1800 8.791e-03 5.782e-05
ee 2600 1900 7.307e-03 4.804e-05
ee 2600 2000 5.868e-03 3.887e-05
ee 2600 2100 4.374e-03 2.923e-05
ee 2600 2200 3.060e-03 1.900e-05
ee 2600 2300 1.882e-03 1.090e-05
ee 2600 2400 9.594e-04 4.985e-06
ee 2600 2500 3.557e-04 1.788e-06
ee 2700 100 2.098e-02 1.288e-04
ee 2700 200 2.035e-02 1.274e-04
ee 2700 300 1.986e-02 1.270e-04
ee 2700 400 1.926e-02 1.238e-04
ee 2700 500 1.885e-02 1.214e-04
ee 2700 600 1.833e-02 1.165e-04
ee 2700 700 1.764e-02 1.065e-04
ee 2700 800 1.701e-02 1.009e-04
ee 2700 900 1.641e-02 9.836e-05
ee 2700 1000 1.559e-02 9.432e-05
ee 2700 1100 1.485e-02 9.098e-05
ee 2700 1200 1.397e-02 8.637e-05
ee 2700 1300 1.309e-02 8.166e-05
ee 2700 1400 1.221e-02 7.657e-05
ee 2700 1500 1.112e-02 7.070e-05
ee 2700 1600 9.994e-03 6.391e-05
ee 2700 1700 8.877e-03 5.737e-05
ee 2700 1800 7.822e-03 5.072e-05
ee 2700 1900 6.640e-03 4.343e-05
ee 2700 2000 5.561e-03 3.661e-05
ee 2700 2100 4.367e-03 2.891e-05
ee 2700 2200 3.252e-03 2.175e-05
ee 2700 2300 2.270e-03 1.396e-05
ee 2700 2400 1.401e-03 7.955e-06
ee 2700 2500 7.153e-04 3.704e-06
ee 2700 2600 2.681e-04 1.365e-06
ee 2800 100 1.669e-02 1.019e-04
ee 2800 200 1.627e-02 1.018e-04
ee 2800 300 1.599e-02 1.022e-04
ee 2800 400 1.557e-02 1.002e-04
ee 2800 500 1.506e-02 9.712e-05
ee 2800 600 1.469e-02 9.361e-05
ee 2800 700 1.413e-02 8.572e-05
ee 2800 800 1.379e-02 8.127e-05
ee 2800 900 1.320e-02 7.784e-05
ee 2800 1000 1.259e-02 7.566e-05
ee 2800 1100 1.200e-02 7.225e-05
ee 2800 1200 1.133e-02 6.937e-05
ee 2800 1300 1.075e-02 6.610e-05
ee 2800 1400 9.995e-03 6.224e-05
ee 2800 1500 9.205e-03 5.784e-05
ee 2800 1600 8.538e-03 5.390e-05
ee 2800 1700 7.637e-03 4.900e-05
ee 2800 1800 6.778e-03 4.389e-05
ee 2800 1900 5.877e-03 3.852e-05
ee 2800 2000 5.019e-03 3.285e-05
ee 2800 2100 4.114e-03 2.696e-05
ee 2800 2200 3.249e-03 2.166e-05
ee 2800 2300 2.470e-03 1.642e-05
ee 2800 2400 1.695e-03 1.040e-05
ee 2800 2500 1.041e-03 5.892e-06
ee 2800 2600 5.339e-04 2.779e-06
ee 2800 2700 2.011e-04 1.023e-06
ee 2900 100 1.364e-02 8.312e-05
ee 2900 200 1.348e-02 8.373e-05
ee 2900 300 1.288e-02 8.170e-05
ee 2900 400 1.265e-02 8.100e-05
ee 2900 500 1.209e-02 7.740e-05
ee 2900 600 1.190e-02 7.575e-05
ee 2900 700 1.149e-02 6.974e-05
ee 2900 800 1.113e-02 6.403e-05
ee 2900 900 1.062e-02 6.256e-05
ee 2900 1000 1.025e-02 6.027e-05
ee 2900 1100 9.754e-03 5.814e-05
ee 2900 1200 9.284e-03 5.616e-05
ee 2900 1300 8.882e-03 5.412e-05
ee 2900 1400 8.250e-03 5.096e-05
ee 2900 1500 7.731e-03 4.831e-05
ee 2900 1600 7.018e-03 4.431e-05
ee 2900 1700 6.487e-03 4.134e-05
ee 2900 1800 5.852e-03 3.753e-05
ee 2900 1900 5.198e-03 3.360e-05
ee 2900 2000 4.516e-03 2.932e-05
ee 2900 2100 3.809e-03 2.488e-05
ee 2900 2200 3.119e-03 2.051e-05
ee 2900 2300 2.469e-03 1.639e-05
ee 2900 2400 1.857e-03 1.189e-05
ee 2900 2500 1.276e-03 7.816e-06
ee 2900 2600 7.865e-04 4.483e-06
ee 2900 2700 4.047e-04 2.086e-06
ee 2900 2800 1.537e-04 7.886e-07
ee 3000 100 1.101e-02 6.659e-05
ee 3000 200 1.067e-02 6.632e-05
ee 3000 300 1.049e-02 6.614e-05
ee 3000 400 1.006e-02 6.406e-05
ee 3000 500 9.859e-03 6.321e-05
ee 3000 600 9.564e-03 6.067e-05
ee 3000 700 9.369e-03 5.649e-05
ee 3000 800 9.068e-03 5.192e-05
ee 3000 900 8.699e-03 5.013e-05
ee 3000 1000 8.384e-03 4.907e-05
ee 3000 1100 7.903e-03 4.659e-05
ee 3000 1200 7.667e-03 4.587e-05
ee 3000 1300 7.280e-03 4.393e-05
ee 3000 1400 6.830e-03 4.150e-05
ee 3000 1500 6.463e-03 3.966e-05
ee 3000 1600 5.961e-03 3.715e-05
ee 3000 1700 5.528e-03 3.488e-05
ee 3000 1800 4.981e-03 3.172e-05
ee 3000 1900 4.475e-03 2.873e-05
ee 3000 2000 3.954e-03 2.547e-05
ee 3000 2100 3.454e-03 2.236e-05
ee 3000 2200 2.923e-03 1.906e-05
ee 3000 2300 2.377e-03 1.560e-05
ee 3000 2400 1.865e-03 1.240e-05
ee 3000 2500 1.397e-03 8.961e-06
ee 3000 2600 9.628e-04 5.849e-06
ee 3000 2700 5.941e-04 3.360e-06
ee 3000 2800 3.030e-04 1.560e-06
ee 3000 2900 1.167e-04 5.957e-07
ee 3100 100 9.010e-03 5.381e-05
ee 3100 200 8.640e-03 5.279e-05
ee 3100 300 8.519e-03 5.349e-05
ee 3100 400 8.358e-03 5.344e-05
ee 3100 500 7.990e-03 5.116e-05
ee 3100 600 7.819e-03 4.967e-05
ee 3100 700 7.548e-03 4.581e-05
ee 3100 800 7.279e-03 4.144e-05
ee 3100 900 7.107e-03 4.074e-05
ee 3100 1000 6.822e-03 3.942e-05
ee 3100 1100 6.474e-03 3.779e-05
ee 3100 1200 6.239e-03 3.672e-05
ee 3100 1300 5.921e-03 3.535e-05
ee 3100 1400 5.589e-03 3.376e-05
ee 3100 1500 5.305e-03 3.235e-05
ee 3100 1600 4.985e-03 3.062e-05
ee 3100 1700 4.649e-03 2.905e-05
ee 3100 1800 4.229e-03 2.657e-05
ee 3100 1900 3.847e-03 2.448e-05
ee 3100 2000 3.463e-03 2.232e-05
ee 3100 2100 3.094e-03 1.983e-05
ee 3100 2200 2.613e-03 1.698e-05
ee 3100 2300 2.218e-03 1.446e-05
ee 3100 2400 1.812e-03 1.192e-05
ee 3100 2500 1.423e-03 9.425e-06
ee 3100 2600 1.060e-03 6.754e-06
ee 3100 2700 7.378e-04 4.452e-06
ee 3100 2800 4.523e-04 2.527e-06
ee 3100 2900 2.305e-04 1.180e-06
ee 3100 3000 8.815e-05 4.537e-07
ee 3200 100 7.418e-03 4.419e-05
ee 3200 200 7.157e-03 4.371e-05
ee 3200 300 7.006e-03 4.356e-05
ee 3200 400 6.704e-03 4.213e-05
ee 3200 500 6.539e-03 4.123e-05
ee 3200 600 6.403e-03 4.038e-05
ee 3200 700 6.234e-03 3.781e-05
ee 3200 800 5.945e-03 3.321e-05
ee 3200 900 5.832e-03 3.273e-05
ee 3200 1000 5.606e-03 3.208e-05
ee 3200 1100 5.288e-03 3.040e-05
ee 3200 1200 5.062e-03 2.978e-05
ee 3200 1300 4.933e-03 2.889e-05
ee 3200 1400 4.688e-03 2.781e-05
ee 3200 1500 4.424e-03 2.656e-05
ee 3200 1600 4.135e-03 2.511e-05
ee 3200 1700 3.876e-03 2.395e-05
ee 3200 1800 3.567e-03 2.221e-05
ee 3200 1900 3.279e-03 2.066e-05
ee 3200 2000 2.988e-03 1.906e-05
ee 3200 2100 2.674e-03 1.716e-05
ee 3200 2200 2.354e-03 1.518e-05
ee 3200 2300 2.025e-03 1.313e-05
ee 3200 2400 1.708e-03 1.119e-05
ee 3200 2500 1.394e-03 9.176e-06
ee 3200 2600 1.081e-03 7.185e-06
ee 3200 2700 8.079e-04 5.106e-06
ee 3200 2800 5.531e-04 3.347e-06
ee 3200 2900 3.409e-04 1.917e-06
ee 3200 3000 1.742e-04 8.901e-07
ee 3200 3100 6.773e-05 3.479e-07
ee 3300 100 6.057e-03 3.533e-05
ee 3300 200 5.805e-03 3.506e-05
ee 3300 300 5.693e-03 3.524e-05
ee 3300 400 5.503e-03 3.439e-05
ee 3300 500 5.356e-03 3.369e-05
ee 3300 600 5.161e-03 3.257e-05
ee 3300 700 5.056e-03 3.069e-05
ee 3300 800 4.873e-03 2.692e-05
ee 3300 900 4.697e-03 2.643e-05
ee 3300 1000 4.611e-03 2.594e-05
ee 3300 1100 4.418e-03 2.495e-05
ee 3300 1200 4.212e-03 2.433e-05
ee 3300 1300 4.025e-03 2.331e-05
ee 3300 1400 3.790e-03 2.226e-05
ee 3300 1500 3.670e-03 2.170e-05
ee 3300 1600 3.437e-03 2.056e-05
ee 3300 1700 3.232e-03 1.968e-05
ee 3300 1800 3.036e-03 1.869e-05
ee 3300 1900 2.771e-03 1.716e-05
ee 3300 2000 2.561e-03 1.604e-05
ee 3300 2100 2.305e-03 1.453e-05
ee 3300 2200 2.056e-03 1.322e-05
ee 3300 2300 1.799e-03 1.168e-05
ee 3300 2400 1.559e-03 1.014e-05
ee 3300 2500 1.303e-03 8.493e-06
ee 3300 2600 1.073e-03 7.088e-06
ee 3300 2700 8.356e-04 5.529e-06
ee 3300 2800 6.129e-04 3.875e-06
ee 3300 2900 4.235e-04 2.573e-06
ee 3300 3000 2.595e-04 1.445e-06
ee 3300 3100 1.324e-04 6.800e-07
ee 3300 3200 5.167e-05 2.663e-07
ee 3400 100 5.003e-03 2.907e-05
ee 3400 200 4.840e-03 2.890e-05
ee 3400 300 4.687e-03 2.879e-05
ee 3400 400 4.502e-03 2.821e-05
ee 3400 500 4.356e-03 2.745e-05
ee 3400 600 4.224e-03 2.646e-05
ee 3400 700 4.136e-03 2.490e-05
ee 3400 800 4.020e-03 2.188e-05
ee 3400 900 3.827e-03 2.101e-05
ee 3400 1000 3.738e-03 2.088e-05
ee 3400 1100 3.535e-03 1.996e-05
ee 3400 1200 3.429e-03 1.962e-05
ee 3400 1300 3.339e-03 1.916e-05
ee 3400 1400 3.157e-03 1.820e-05
ee 3400 1500 3.020e-03 1.761e-05
ee 3400 1600 2.871e-03 1.690e-05
ee 3400 1700 2.700e-03 1.613e-05
ee 3400 1800 2.563e-03 1.546e-05
ee 3400 1900 2.355e-03 1.446e-05
ee 3400 2000 2.161e-03 1.342e-05
ee 3400 2100 1.994e-03 1.246e-05
ee 3400 2200 1.802e-03 1.146e-05
ee 3400 2300 1.586e-03 1.022e-05
ee 3400 2400 1.404e-03 9.064e-06
ee 3400 2500 1.195e-03 7.764e-06
ee 3400 2600 1.010e-03 6.591e-06
ee 3400 2700 8.200e-04 5.400e-06
ee 3400 2800 6.398e-04 4.239e-06
ee 3400 2900 4.695e-04 2.980e-06
ee 3400 3000 3.220e-04 1.930e-06
ee 3400 3100 1.999e-04 1.111e-06
ee 3400 3200 1.024e-04 5.280e-07
ee 3400 3300 4.025e-05 2.088e-07
ee 3500 100 4.151e-03 2.406e-05
ee 3500 200 3.920e-03 2.322e-05
ee 3500 300 3.853e-03 2.337e-05
ee 3500 400 3.670e-03 2.269e-05
ee 3500 500 3.595e-03 2.244e-05
ee 3500 600 3.478e-03 2.168e-05
ee 3500 700 3.407e-03 2.061e-05
ee 3500 800 3.274e-03 1.764e-05
ee 3500 900 3.168e-03 1.727e-05
ee 3500 1000 3.048e-03 1.670e-05
ee 3500 1100 2.965e-03 1.634e-05
ee 3500 1200 2.855e-03 1.589e-05
ee 3500 1300 2.761e-03 1.554e-05
ee 3500 1400 2.621e-03 1.502e-05
ee 3500 1500 2.494e-03 1.439e-05
ee 3500 1600 2.374e-03 1.388e-05
ee 3500 1700 2.248e-03 1.324e-05
ee 3500 1800 2.123e-03 1.258e-05
ee 3500 1900 1.998e-03 1.205e-05
ee 3500 2000 1.826e-03 1.119e-05
ee 3500 2100 1.684e-03 1.046e-05
ee 3500 2200 1.556e-03 9.740e-06
ee 3500 2300 1.377e-03 8.771e-06
ee 3500 2400 1.238e-03 7.929e-06
ee 3500 2500 1.070e-03 6.936e-06
ee 3500 2600 9.254e-04 5.998e-06
ee 3500 2700 7.743e-04 5.048e-06
ee 3500 2800 6.306e-04 4.155e-06
ee 3500 2900 4.890e-04 3.243e-06
ee 3500 3000 3.612e-04 2.278e-06
ee 3500 3100 2.498e-04 1.495e-06
ee 3500 3200 1.510e-04 8.503e-07
ee 3500 3300 7.809e-05 4.007e-07
ee 3500 3400 3.105e-05 1.619e-07
ee 3600 100 3.455e-03 1.966e-05
ee 3600 200 3.254e-03 1.921e-05
ee 3600 300 3.145e-03 1.898e-05
ee 3600 400 3.054e-03 1.875e-05
ee 3600 500 2.971e-03 1.846e-05
ee 3600 600 2.871e-03 1.778e-05
ee 3600 700 2.803e-03 1.695e-05
ee 3600 800 2.688e-03 1.441e-05
ee 3600 900 2.610e-03 1.401e-05
ee 3600 1000 2.511e-03 1.366e-05
ee 3600 1100 2.433e-03 1.325e-05
ee 3600 1200 2.336e-03 1.288e-05
ee 3600 1300 2.230e-03 1.238e-05
ee 3600 1400 2.171e-03 1.216e-05
ee 3600 1500 2.059e-03 1.171e-05
ee 3600 1600 1.981e-03 1.134e-05
ee 3600 1700 1.883e-03 1.095e-05
ee 3600 1800 1.777e-03 1.038e-05
ee 3600 1900 1.662e-03 9.882e-06
ee 3600 2000 1.553e-03 9.313e-06
ee 3600 2100 1.441e-03 8.814e-06
ee 3600 2200 1.330e-03 8.258e-06
ee 3600 2300 1.196e-03 7.497e-06
ee 3600 2400 1.089e-03 6.933e-06
ee 3600 2500 9.607e-04 6.142e-06
ee 3600 2600 8.334e-04 5.419e-06
ee 3600 2700 7.194e-04 4.640e-06
ee 3600 2800 5.945e-04 3.901e-06
ee 3600 2900 4.787e-04 3.164e-06
ee 3600 3000 3.751e-04 2.503e-06
ee 3600 3100 2.768e-04 1.746e-06
ee 3600 3200 1.892e-04 1.136e-06
ee 3600 3300 1.167e-04 6.479e-07
ee 3600 3400 6.049e-05 3.116e-07
ee 3600 3500 2.395e-05 1.244e-07
ee 3700 100 2.882e-03 1.630e-05
ee 3700 200 2.744e-03 1.603e-05
ee 3700 300 2.600e-03 1.561e-05
ee 3700 400 2.521e-03 1.537e-05
ee 3700 500 2.425e-03 1.497e-05
ee 3700 600 2.373e-03 1.475e-05
ee 3700 700 2.293e-03 1.388e-05
ee 3700 800 2.221e-03 1.165e-05
ee 3700 900 2.137e-03 1.133e-05
ee 3700 1000 2.053e-03 1.101e-05
ee 3700 1100 1.996e-03 1.081e-05
ee 3700 1200 1.930e-03 1.050e-05
ee 3700 1300 1.861e-03 1.019e-05
ee 3700 1400 1.788e-03 9.966e-06
ee 3700 1500 1.712e-03 9.553e-06
ee 3700 1600 1.631e-03 9.229e-06
ee 3700 1700 1.563e-03 8.916e-06
ee 3700 1800 1.476e-03 8.560e-06
ee 3700 1900 1.387e-03 8.162e-06
ee 3700 2000 1.324e-03 7.862e-06
ee 3700 2100 1.222e-03 7.371e-06
ee 3700 2200 1.132e-03 6.955e-06
ee 3700 2300 1.030e-03 6.375e-06
ee 3700 2400 9.437e-04 5.924e-06
ee 3700 2500 8.306e-04 5.255e-06
ee 3700 2600 7.459e-04 4.815e-06
ee 3700 2700 6.573e-04 4.250e-06
ee 3700 2800 5.602e-04 3.641e-06
ee 3700 2900 4.627e-04 3.028e-06
ee 3700 3000 3.735e-04 2.456e-06
ee 3700 3100 2.897e-04 1.928e-06
ee 3700 3200 2.120e-04 1.340e-06
ee 3700 3300 1.457e-04 8.679e-07
ee 3700 3400 8.953e-05 4.963e-07
ee 3700 3500 4.600e-05 2.356e-07
ee 3700 3600 1.868e-05 9.725e-08
ee 3800 100 2.403e-03 1.345e-05
ee 3800 200 2.245e-03 1.303e-05
ee 3800 300 2.168e-03 1.290e-05
ee 3800 400 2.067e-03 1.246e-05
ee 3800 500 1.996e-03 1.225e-05
ee 3800 600 1.956e-03 1.210e-05
ee 3800 700 1.881e-03 1.134e-05
ee 3800 800 1.818e-03 9.427e-06
ee 3800 900 1.774e-03 9.244e-06
ee 3800 1000 1.712e-03 9.018e-06
ee 3800 1100 1.651e-03 8.737e-06
ee 3800 1200 1.600e-03 8.592e-06
ee 3800 1300 1.526e-03 8.259e-06
ee 3800 1400 1.484e-03 8.043e-06
ee 3800 1500 1.408e-03 7.738e-06
ee 3800 1600 1.350e-03 7.513e-06
ee 3800 1700 1.295e-03 7.263e-06
ee 3800 1800 1.234e-03 7.016e-06
ee 3800 1900 1.182e-03 6.841e-06
ee 3800 2000 1.104e-03 6.425e-06
ee 3800 2100 1.027e-03 6.079e-06
ee 3800 2200 9.597e-04 5.757e-06
ee 3800 2300 8.936e-04 5.449e-06
ee 3800 2400 8.166e-04 5.046e-06
ee 3800 2500 7.358e-04 4.609e-06
ee 3800 2600 6.553e-04 4.148e-06
ee 3800 2700 5.838e-04 3.739e-06
ee 3800 2800 5.086e-04 3.294e-06
ee 3800 2900 4.346e-04 2.826e-06
ee 3800 3000 3.601e-04 2.351e-06
ee 3800 3100 2.874e-04 1.895e-06
ee 3800 3200 2.252e-04 1.492e-06
ee 3800 3300 1.634e-04 1.032e-06
ee 3800 3400 1.119e-04 6.709e-07
ee 3800 3500 6.921e-05 3.834e-07
ee 3800 3600 3.587e-05 1.839e-07
ee 3800 3700 1.462e-05 7.700e-08
ee 3900 100 1.994e-03 1.108e-05
ee 3900 200 1.891e-03 1.089e-05
ee 3900 300 1.801e-03 1.058e-05
ee 3900 400 1.746e-03 1.045e-05
ee 3900 500 1.677e-03 1.019e-05
ee 3900 600 1.606e-03 9.906e-06
ee 3900 700 1.563e-03 9.367e-06
ee 3900 800 1.498e-03 7.742e-06
ee 3900 900 1.456e-03 7.571e-06
ee 3900 1000 1.403e-03 7.337e-06
ee 3900 1100 1.359e-03 7.099e-06
ee 3900 1200 1.306e-03 6.943e-06
ee 3900 1300 1.276e-03 6.793e-06
ee 3900 1400 1.223e-03 6.559e-06
ee 3900 1500 1.170e-03 6.373e-06
ee 3900 1600 1.125e-03 6.144e-06
ee 3900 1700 1.070e-03 5.909e-06
ee 3900 1800 1.015e-03 5.703e-06
ee 3900 1900 9.650e-04 5.506e-06
ee 3900 2000 9.113e-04 5.227e-06
ee 3900 2100 8.721e-04 5.062e-06
ee 3900 2200 8.086e-04 4.786e-06
ee 3900 2300 7.557e-04 4.525e-06
ee 3900 2400 6.977e-04 4.240e-06
ee 3900 2500 6.343e-04 3.928e-06
ee 3900 2600 5.717e-04 3.600e-06
ee 3900 2700 5.160e-04 3.291e-06
ee 3900 2800 4.561e-04 2.927e-06
ee 3900 2900 3.974e-04 2.566e-06
ee 3900 3000 3.369e-04 2.192e-06
ee 3900 3100 2.782e-04 1.820e-06
ee 3900 3200 2.255e-04 1.486e-06
ee 3900 3300 1.748e-04 1.173e-06
ee 3900 3400 1.267e-04 8.022e-07
ee 3900 3500 8.612e-05 5.157e-07
ee 3900 3600 5.358e-05 2.968e-07
ee 3900 3700 2.768e-05 1.431e-07
ee 3900 3800 1.131e-05 5.970e-08
ee 4000 100 1.670e-03 9.209e-06
ee 4000 200 1.594e-03 9.163e-06
ee 4000 300 1.520e-03 8.936e-06
ee 4000 400 1.436e-03 8.621e-06
ee 4000 500 1.379e-03 8.410e-06
ee 4000 600 1.331e-03 8.169e-06
ee 4000 700 1.296e-03 7.803e-06
ee 4000 800 1.234e-03 6.312e-06
ee 4000 900 1.211e-03 6.254e-06
ee 4000 1000 1.160e-03 5.963e-06
ee 4000 1100 1.119e-03 5.786e-06
ee 4000 1200 1.082e-03 5.648e-06
ee 4000 1300 1.044e-03 5.479e-06
ee 4000 1400 1.010e-03 5.306e-06
ee 4000 1500 9.796e-04 5.204e-06
ee 4000 1600 9.331e-04 5.034e-06
ee 4000 1700 8.936e-04 4.880e-06
ee 4000 1800 8.547e-04 4.724e-06
ee 4000 1900 8.165e-04 4.541e-06
ee 4000 2000 7.676e-04 4.342e-06
ee 4000 2100 7.261e-04 4.149e-06
ee 4000 2200 6.814e-04 3.966e-06
ee 4000 2300 6.387e-04 3.782e-06
ee 4000 2400 5.938e-04 3.554e-06
ee 4000 2500 5.433e-04 3.305e-06
ee 4000 2600 5.028e-04 3.119e-06
ee 4000 2700 4.503e-04 2.829e-06
ee 4000 2800 4.021e-04 2.573e-06
ee 4000 2900 3.506e-04 2.248e-06
ee 4000 3000 3.063e-04 1.971e-06
ee 4000 3100 2.615e-04 1.707e-06
ee 4000 3200 2.181e-04 1.430e-06
ee 4000 3300 1.727e-04 1.138e-06
ee 4000 3400 1.368e-04 9.080e-07
ee 4000 3500 9.931e-05 6.263e-07
ee 4000 3600 6.735e-05 4.025e-07
ee 4000 3700 4.103e-05 2.280e-07
ee 4000 3800 2.153e-05 1.113e-07
ee 4000 3900 8.794e-06 4.658e-08
mumu 800 100 5.977e+00 4.407e-02
mumu 800 200 5.650e+00 4.221e-02
mumu 800 300 4.958e+00 3.740e-02
mumu 800 400 4.144e+00 3.139e-02
mumu 800 500 3.019e+00 2.302e-02
mumu 800 600 1.744e+00 1.293e-02
mumu 800 700 6.051e-01 4.422e-03
mumu 900 100 3.806e+00 2.598e-02
mumu 900 200 3.600e+00 2.499e-02
mumu 900 300 3.308e+00 2.278e-02
mumu 900 400 2.874e+00 1.979e-02
mumu 900 500 2.301e+00 1.514e-02
mumu 900 600 1.627e+00 1.128e-02
mumu 900 700 9.284e-01 6.608e-03
mumu 900 800 3.127e-01 1.983e-03
mumu 1000 100 2.485e+00 1.671e-02
mumu 1000 200 2.397e+00 1.624e-02
mumu 1000 300 2.177e+00 1.480e-02
mumu 1000 400 1.969e+00 1.334e-02
mumu 1000 500 1.688e+00 1.120e-02
mumu 1000 600 1.328e+00 8.889e-03
mumu 1000 700 9.225e-01 6.464e-03
mumu 1000 800 5.196e-01 3.558e-03
mumu 1000 900 1.710e-01 9.950e-04
mumu 1100 100 1.674e+00 1.109e-02
mumu 1100 200 1.623e+00 1.088e-02
mumu 1100 300 1.516e+00 1.021e-02
mumu 1100 400 1.387e+00 9.312e-03
mumu 1100 500 1.230e+00 8.183e-03
mumu 1100 600 1.038e+00 6.834e-03
mumu 1100 700 7.911e-01 5.398e-03
mumu 1100 800 5.423e-01 3.793e-03
mumu 1100 900 2.941e-01 1.920e-03
mumu 1100 1000 9.868e-02 5.445e-04
mumu 1200 100 1.161e+00 7.647e-03
mumu 1200 200 1.124e+00 7.480e-03
mumu 1200 300 1.076e+00 7.203e-03
mumu 1200 400 9.886e-01 6.643e-03
mumu 1200 500 8.805e-01 5.859e-03
mumu 1200 600 7.780e-01 5.070e-03
mumu 1200 700 6.364e-01 4.306e-03
mumu 1200 800 4.892e-01 3.362e-03
mumu 1200 900 3.322e-01 2.305e-03
mumu 1200 1000 1.784e-01 1.132e-03
mumu 1200 1100 5.881e-02 3.118e-04
mumu 1300 100 8.202e-01 5.393e-03
mumu 1300 200 8.092e-01 5.340e-03
mumu 1300 300 7.580e-01 5.069e-03
mumu 1300 400 7.167e-01 4.802e-03
mumu 1300 500 6.619e-01 4.389e-03
mumu 1300 600 5.903e-01 3.824e-03
mumu 1300 700 5.125e-01 3.401e-03
mumu 1300 800 4.088e-01 2.772e-03
mumu 1300 900 3.098e-01 2.124e-03
mumu 1300 1000 2.089e-01 1.405e-03
mumu 1300 1100 1.104e-01 6.733e-04
mumu 1300 1200 3.616e-02 1.887e-04
mumu 1400 100 5.970e-01 3.887e-03
mumu 1400 200 5.754e-01 3.803e-03
mumu 1400 300 5.557e-01 3.692e-03
mumu 1400 400 5.193e-01 3.478e-03
mumu 1400 500 4.870e-01 3.231e-03
mumu 1400 600 4.432e-01 2.885e-03
mumu 1400 700 3.934e-01 2.584e-03
mumu 1400 800 3.338e-01 2.235e-03
mumu 1400 900 2.713e-01 1.826e-03
mumu 1400 1000 1.982e-01 1.354e-03
mumu 1400 1100 1.320e-01 8.829e-04
mumu 1400 1200 7.012e-02 4.188e-04
mumu 1400 1300 2.311e-02 1.175e-04
mumu 1500 100 4.317e-01 2.806e-03
mumu 1500 200 4.228e-01 2.779e-03
mumu 1500 300 4.033e-01 2.677e-03
mumu 1500 400 3.884e-01 2.585e-03
mumu 1500 500 3.615e-01 2.381e-03
mumu 1500 600 3.343e-01 2.165e-03
mumu 1500 700 3.033e-01 1.976e-03
mumu 1500 800 2.669e-01 1.774e-03
mumu 1500 900 2.252e-01 1.497e-03
mumu 1500 1000 1.792e-01 1.207e-03
mumu 1500 1100 1.319e-01 8.949e-04
mumu 1500 1200 8.656e-02 5.590e-04
mumu 1500 1300 4.566e-02 2.679e-04
mumu 1500 1400 1.501e-02 7.643e-05
mumu 1600 100 3.211e-01 2.079e-03
mumu 1600 200 3.132e-01 2.055e-03
mumu 1600 300 3.040e-01 2.010e-03
mumu 1600 400 2.921e-01 1.932e-03
mumu 1600 500 2.714e-01 1.790e-03
mumu 1600 600 2.596e-01 1.675e-03
mumu 1600 700 2.366e-01 1.529e-03
mumu 1600 800 2.118e-01 1.396e-03
mumu 1600 900 1.824e-01 1.209e-03
mumu 1600 1000 1.536e-01 1.017e-03
mumu 1600 1100 1.220e-01 8.151e-04
mumu 1600 1200 8.938e-02 6.077e-04
mumu 1600 1300 5.774e-02 3.672e-04
mumu 1600 1400 2.993e-02 1.719e-04
mumu 1600 1500 9.960e-03 4.982e-05
mumu 1700 100 2.422e-01 1.551e-03
mumu 1700 200 2.350e-01 1.546e-03
mumu 1700 300 2.266e-01 1.491e-03
mumu 1700 400 2.171e-01 1.438e-03
mumu 1700 500 2.093e-01 1.377e-03
mumu 1700 600 1.975e-01 1.278e-03
mumu 1700 700 1.812e-01 1.161e-03
mumu 1700 800 1.665e-01 1.087e-03
mumu 1700 900 1.472e-01 9.749e-04
mumu 1700 1000 1.271e-01 8.503e-04
mumu 1700 1100 1.058e-01 7.041e-04
mumu 1700 1200 8.382e-02 5.618e-04
mumu 1700 1300 6.088e-02 4.095e-04
mumu 1700 1400 3.896e-02 2.436e-04
mumu 1700 1500 2.021e-02 1.140e-04
mumu 1700 1600 6.792e-03 3.384e-05
mumu 1800 100 1.831e-01 1.179e-03
mumu 1800 200 1.786e-01 1.163e-03
mumu 1800 300 1.739e-01 1.149e-03
mumu 1800 400 1.657e-01 1.091e-03
mumu 1800 500 1.592e-01 1.051e-03
mumu 1800 600 1.512e-01 9.796e-04
mumu 1800 700 1.426e-01 9.030e-04
mumu 1800 800 1.323e-01 8.535e-04
mumu 1800 900 1.184e-01 7.716e-04
mumu 1800 1000 1.047e-01 6.916e-04
mumu 1800 1100 9.166e-02 6.062e-04
mumu 1800 1200 7.436e-02 4.948e-04
mumu 1800 1300 5.861e-02 3.900e-04
mumu 1800 1400 4.204e-02 2.837e-04
mumu 1800 1500 2.678e-02 1.656e-04
mumu 1800 1600 1.384e-02 7.628e-05
mumu 1800 1700 4.720e-03 2.362e-05
mumu 1900 100 1.398e-01 8.944e-04
mumu 1900 200 1.368e-01 8.901e-04
mumu 1900 300 1.328e-01 8.705e-04
mumu 1900 400 1.293e-01 8.519e-04
mumu 1900 500 1.243e-01 8.114e-04
mumu 1900 600 1.187e-01 7.617e-04
mumu 1900 700 1.117e-01 7.025e-04
mumu 1900 800 1.029e-01 6.596e-04
mumu 1900 900 9.551e-02 6.185e-04
mumu 1900 1000 8.581e-02 5.591e-04
mumu 1900 1100 7.524e-02 4.917e-04
mumu 1900 1200 6.444e-02 4.248e-04
mumu 1900 1300 5.203e-02 3.465e-04
mumu 1900 1400 4.094e-02 2.737e-04
mumu 1900 1500 2.926e-02 1.985e-04
mumu 1900 1600 1.860e-02 1.141e-04
mumu 1900 1700 9.541e-03 5.224e-05
mumu 1900 1800 3.264e-03 1.610e-05
mumu 2000 100 1.077e-01 6.829e-04
mumu 2000 200 1.043e-01 6.813e-04
mumu 2000 300 1.029e-01 6.783e-04
mumu 2000 400 9.891e-02 6.501e-04
mumu 2000 500 9.493e-02 6.210e-04
mumu 2000 600 9.306e-02 5.975e-04
mumu 2000 700 8.702e-02 5.392e-04
mumu 2000 800 8.157e-02 5.190e-04
mumu 2000 900 7.614e-02 4.910e-04
mumu 2000 1000 6.880e-02 4.467e-04
mumu 2000 1100 6.219e-02 4.061e-04
mumu 2000 1200 5.423e-02 3.547e-04
mumu 2000 1300 4.622e-02 3.044e-04
mumu 2000 1400 3.752e-02 2.487e-04
mumu 2000 1500 2.908e-02 1.945e-04
mumu 2000 1600 2.070e-02 1.360e-04
mumu 2000 1700 1.305e-02 7.872e-05
mumu 2000 1800 6.758e-03 3.645e-05
mumu 2000 1900 2.309e-03 1.133e-05
mumu 2100 100 8.387e-02 5.302e-04
mumu 2100 200 8.207e-02 5.292e-04
mumu 2100 300 7.965e-02 5.249e-04
mumu 2100 400 7.784e-02 5.176e-04
mumu 2100 500 7.538e-02 4.949e-04
mumu 2100 600 7.221e-02 4.614e-04
mumu 2100 700 6.822e-02 4.179e-04
mumu 2100 800 6.519e-02 4.116e-04
mumu 2100 900 6.012e-02 3.826e-04
mumu 2100 1000 5.573e-02 3.580e-04
mumu 2100 1100 5.055e-02 3.270e-04
mumu 2100 1200 4.548e-02 2.963e-04
mumu 2100 1300 3.905e-02 2.565e-04
mumu 2100 1400 3.333e-02 2.201e-04
mumu 2100 1500 2.712e-02 1.801e-04
mumu 2100 1600 2.093e-02 1.385e-04
mumu 2100 1700 1.472e-02 9.450e-05
mumu 2100 1800 9.320e-03 5.588e-05
mumu 2100 1900 4.791e-03 2.570e-05
mumu 2100 2000 1.665e-03 8.295e-06
mumu 2200 100 6.544e-02 4.112e-04
mumu 2200 200 6.386e-02 4.095e-04
mumu 2200 300 6.271e-02 4.092e-04
mumu 2200 400 6.075e-02 3.965e-04
mumu 2200 500 5.862e-02 3.827e-04
mumu 2200 600 5.740e-02 3.679e-04
mumu 2200 700 5.440e-02 3.325e-04
mumu 2200 800 5.131e-02 3.205e-04
mumu 2200 900 4.857e-02 3.072e-04
mumu 2200 1000 4.529e-02 2.874e-04
mumu 2200 1100 4.154e-02 2.669e-04
mumu 2200 1200 3.759e-02 2.421e-04
mumu 2200 1300 3.318e-02 2.161e-04
mumu 2200 1400 2.874e-02 1.879e-04
mumu 2200 1500 2.428e-02 1.589e-04
mumu 2200 1600 1.976e-02 1.314e-04
mumu 2200 1700 1.485e-02 9.921e-05
mumu 2200 1800 1.050e-02 6.717e-05
mumu 2200 1900 6.638e-03 3.929e-05
mumu 2200 2000 3.428e-03 1.815e-05
mumu 2200 2100 1.197e-03 6.013e-06
mumu 2300 100 5.218e-02 3.265e-04
mumu 2300 200 5.071e-02 3.250e-04
mumu 2300 300 4.919e-02 3.204e-04
mumu 2300 400 4.794e-02 3.138e-04
mumu 2300 500 4.626e-02 3.038e-04
mumu 2300 600 4.467e-02 2.859e-04
mumu 2300 700 4.272e-02 2.601e-04
mumu 2300 800 4.121e-02 2.533e-04
mumu 2300 900 3.856e-02 2.414e-04
mumu 2300 1000 3.608e-02 2.282e-04
mumu 2300 1100 3.410e-02 2.158e-04
mumu 2300 1200 3.123e-02 2.002e-04
mumu 2300 1300 2.795e-02 1.805e-04
mumu 2300 1400 2.437e-02 1.592e-04
mumu 2300 1500 2.124e-02 1.394e-04
mumu 2300 1600 1.784e-02 1.176e-04
mumu 2300 1700 1.446e-02 9.549e-05
mumu 2300 1800 1.099e-02 7.353e-05
mumu 2300 1900 7.690e-03 4.858e-05
mumu 2300 2000 4.754e-03 2.791e-05
mumu 2300 2100 2.467e-03 1.304e-05
mumu 2300 2200 8.759e-04 4.341e-06
mumu 2400 100 4.092e-02 2.556e-04
mumu 2400 200 3.995e-02 2.549e-04
mumu 2400 300 3.900e-02 2.542e-04
mumu 2400 400 3.761e-02 2.449e-04
mumu 2400 500 3.696e-02 2.390e-04
mumu 2400 600 3.553e-02 2.267e-04
mumu 2400 700 3.390e-02 2.073e-04
mumu 2400 800 3.269e-02 2.009e-04
mumu 2400 900 3.127e-02 1.944e-04
mumu 2400 1000 2.928e-02 1.827e-04
mumu 2400 1100 2.777e-02 1.751e-04
mumu 2400 1200 2.566e-02 1.634e-04
mumu 2400 1300 2.334e-02 1.500e-04
mumu 2400 1400 2.101e-02 1.355e-04
mumu 2400 1500 1.837e-02 1.198e-04
mumu 2400 1600 1.591e-02 1.041e-04
mumu 2400 1700 1.329e-02 8.754e-05
mumu 2400 1800 1.046e-02 6.964e-05
mumu 2400 1900 8.019e-03 5.356e-05
mumu 2400 2000 5.631e-03 3.498e-05
mumu 2400 2100 3.453e-03 2.030e-05
mumu 2400 2200 1.789e-03 9.346e-06
mumu 2400 2300 6.437e-04 3.195e-06
mumu 2500 100 3.280e-02 2.024e-04
mumu 2500 200 3.200e-02 2.031e-04
mumu 2500 300 3.104e-02 2.019e-04
mumu 2500 400 2.992e-02 1.954e-04
mumu 2500 500 2.909e-02 1.882e-04
mumu 2500 600 2.821e-02 1.816e-04
mumu 2500 700 2.730e-02 1.658e-04
mumu 2500 800 2.624e-02 1.592e-04
mumu 2500 900 2.498e-02 1.531e-04
mumu 2500 1000 2.382e-02 1.469e-04
mumu 2500 1100 2.235e-02 1.383e-04
mumu 2500 1200 2.055e-02 1.296e-04
mumu 2500 1300 1.904e-02 1.216e-04
mumu 2500 1400 1.747e-02 1.128e-04
mumu 2500 1500 1.552e-02 1.003e-04
mumu 2500 1600 1.385e-02 9.038e-05
mumu 2500 1700 1.178e-02 7.707e-05
mumu 2500 1800 9.801e-03 6.456e-05
mumu 2500 1900 7.761e-03 5.161e-05
mumu 2500 2000 5.950e-03 3.961e-05
mumu 2500 2100 4.131e-03 2.590e-05
mumu 2500 2200 2.559e-03 1.492e-05
mumu 2500 2300 1.307e-03 6.802e-06
mumu 2500 2400 4.768e-04 2.397e-06
mumu 2600 100 2.589e-02 1.600e-04
mumu 2600 200 2.539e-02 1.610e-04
mumu 2600 300 2.462e-02 1.590e-04
mumu 2600 400 2.412e-02 1.555e-04
mumu 2600 500 2.344e-02 1.526e-04
mumu 2600 600 2.280e-02 1.453e-04
mumu 2600 700 2.201e-02 1.332e-04
mumu 2600 800 2.093e-02 1.253e-04
mumu 2600 900 1.997e-02 1.208e-04
mumu 2600 1000 1.910e-02 1.167e-04
mumu 2600 1100 1.808e-02 1.113e-04
mumu 2600 1200 1.706e-02 1.061e-04
mumu 2600 1300 1.566e-02 9.882e-05
mumu 2600 1400 1.461e-02 9.249e-05
mumu 2600 1500 1.315e-02 8.447e-05
mumu 2600 1600 1.176e-02 7.559e-05
mumu 2600 1700 1.029e-02 6.688e-05
mumu 2600 1800 8.790e-03 5.729e-05
mumu 2600 1900 7.328e-03 4.836e-05
mumu 2600 2000 5.816e-03 3.860e-05
mumu 2600 2100 4.418e-03 2.945e-05
mumu 2600 2200 3.064e-03 1.897e-05
mumu 2600 2300 1.893e-03 1.089e-05
mumu 2600 2400 9.703e-04 5.045e-06
mumu 2600 2500 3.557e-04 1.793e-06
mumu 2700 100 2.074e-02 1.282e-04
mumu 2700 200 2.044e-02 1.282e-04
mumu 2700 300 1.980e-02 1.271e-04
mumu 2700 400 1.958e-02 1.257e-04
mumu 2700 500 1.864e-02 1.203e-04
mumu 2700 600 1.819e-02 1.165e-04
mumu 2700 700 1.752e-02 1.068e-04
mumu 2700 800 1.683e-02 9.981e-05
mumu 2700 900 1.638e-02 9.801e-05
mumu 2700 1000 1.563e-02 9.437e-05
mumu 2700 1100 1.478e-02 9.078e-05
mumu 2700 1200 1.401e-02 8.653e-05
mumu 2700 1300 1.292e-02 8.075e-05
mumu 2700 1400 1.205e-02 7.579e-05
mumu 2700 1500 1.107e-02 7.060e-05
mumu 2700 1600 1.005e-02 6.442e-05
mumu 2700 1700 8.993e-03 5.832e-05
mumu 2700 1800 7.826e-03 5.088e-05
mumu 2700 1900 6.615e-03 4.323e-05
mumu 2700 2000 5.541e-03 3.641e-05
mumu 2700 2100 4.344e-03 2.870e-05
mumu 2700 2200 3.282e-03 2.192e-05
mumu 2700 2300 2.248e-03 1.403e-05
mumu 2700 2400 1.399e-03 8.034e-06
mumu 2700 2500 7.219e-04 3.753e-06
mumu 2700 2600 2.665e-04 1.347e-06
mumu 2800 100 1.677e-02 1.015e-04
mumu 2800 200 1.633e-02 1.020e-04
mumu 2800 300 1.585e-02 1.011e-04
mumu 2800 400 1.570e-02 1.011e-04
mumu 2800 500 1.505e-02 9.645e-05
mumu 2800 600 1.456e-02 9.304e-05
mumu 2800 700 1.414e-02 8.595e-05
mumu 2800 800 1.358e-02 7.947e-05
mumu 2800 900 1.315e-02 7.793e-05
mumu 2800 1000 1.253e-02 7.532e-05
mumu 2800 1100 1.189e-02 7.191e-05
mumu 2800 1200 1.134e-02 6.907e-05
mumu 2800 1300 1.083e-02 6.669e-05
mumu 2800 1400 1.006e-02 6.274e-05
mumu 2800 1500 9.319e-03 5.858e-05
mumu 2800 1600 8.400e-03 5.357e-05
mumu 2800 1700 7.587e-03 4.882e-05
mumu 2800 1800 6.769e-03 4.380e-05
mumu 2800 1900 5.913e-03 3.870e-05
mumu 2800 2000 4.969e-03 3.277e-05
mumu 2800 2100 4.126e-03 2.716e-05
mumu 2800 2200 3.285e-03 2.181e-05
mumu 2800 2300 2.444e-03 1.636e-05
mumu 2800 2400 1.718e-03 1.058e-05
mumu 2800 2500 1.054e-03 5.978e-06
mumu 2800 2600 5.421e-04 2.822e-06
mumu 2800 2700 2.015e-04 1.015e-06
mumu 2900 100 1.375e-02 8.306e-05
mumu 2900 200 1.330e-02 8.313e-05
mumu 2900 300 1.276e-02 8.161e-05
mumu 2900 400 1.252e-02 8.067e-05
mumu 2900 500 1.222e-02 7.830e-05
mumu 2900 600 1.179e-02 7.510e-05
mumu 2900 700 1.158e-02 6.964e-05
mumu 2900 800 1.102e-02 6.404e-05
mumu 2900 900 1.064e-02 6.269e-05
mumu 2900 1000 1.025e-02 6.071e-05
mumu 2900 1100 9.914e-03 5.893e-05
mumu 2900 1200 9.265e-03 5.616e-05
mumu 2900 1300 8.807e-03 5.373e-05
mumu 2900 1400 8.300e-03 5.097e-05
mumu 2900 1500 7.772e-03 4.839e-05
mumu 2900 1600 7.154e-03 4.525e-05
mumu 2900 1700 6.560e-03 4.151e-05
mumu 2900 1800 5.794e-03 3.728e-05
mumu 2900 1900 5.238e-03 3.383e-05
mumu 2900 2000 4.501e-03 2.942e-05
mumu 2900 2100 3.906e-03 2.539e-05
mumu 2900 2200 3.142e-03 2.062e-05
mumu 2900 2300 2.494e-03 1.656e-05
mumu 2900 2400 1.859e-03 1.193e-05
mumu 2900 2500 1.272e-03 7.759e-06
mumu 2900 2600 7.850e-04 4.444e-06
mumu 2900 2700 4.043e-04 2.071e-06
mumu 2900 2800 1.523e-04 7.752e-07
mumu 3000 100 1.107e-02 6.622e-05
mumu 3000 200 1.068e-02 6.611e-05
mumu 3000 300 1.051e-02 6.602e-05
mumu 3000 400 1.009e-02 6.457e-05
mumu 3000 500 9.806e-03 6.271e-05
mumu 3000 600 9.483e-03 6.055e-05
mumu 3000 700 9.343e-03 5.644e-05
mumu 3000 800 8.977e-03 5.174e-05
mumu 3000 900 8.765e-03 5.073e-05
mumu 3000 1000 8.431e-03 4.908e-05
mumu 3000 1100 7.979e-03 4.703e-05
mumu 3000 1200 7.590e-03 4.536e-05
mumu 3000 1300 7.223e-03 4.349e-05
mumu 3000 1400 6.906e-03 4.182e-05
mumu 3000 1500 6.431e-03 3.950e-05
mumu 3000 1600 6.065e-03 3.764e-05
mumu 3000 1700 5.497e-03 3.459e-05
mumu 3000 1800 5.002e-03 3.195e-05
mumu 3000 1900 4.428e-03 2.847e-05
mumu 3000 2000 3.958e-03 2.566e-05
mumu 3000 2100 3.460e-03 1.0e-04
mumu 3000 2200 2.912e-03 1.895e-05
mumu 3000 2300 2.363e-03 1.556e-05
mumu 3000 2400 1.885e-03 1.245e-05
mumu 3000 2500 1.401e-03 8.917e-06
mumu 3000 2600 9.553e-04 5.803e-06
mumu 3000 2700 5.955e-04 3.344e-06
mumu 3000 2800 3.038e-04 1.553e-06
mumu 3000 2900 1.155e-04 5.891e-07
mumu 3100 100 9.052e-03 5.372e-05
mumu 3100 200 8.801e-03 5.400e-05
mumu 3100 300 8.444e-03 5.257e-05
mumu 3100 400 8.240e-03 5.236e-05
mumu 3100 500 7.998e-03 5.114e-05
mumu 3100 600 7.861e-03 4.993e-05
mumu 3100 700 7.487e-03 4.559e-05
mumu 3100 800 7.345e-03 4.179e-05
mumu 3100 900 7.122e-03 4.087e-05
mumu 3100 1000 6.854e-03 3.959e-05
mumu 3100 1100 6.570e-03 3.822e-05
mumu 3100 1200 6.242e-03 3.667e-05
mumu 3100 1300 5.948e-03 3.542e-05
mumu 3100 1400 5.608e-03 3.373e-05
mumu 3100 1500 5.265e-03 3.208e-05
mumu 3100 1600 4.897e-03 3.004e-05
mumu 3100 1700 4.609e-03 2.866e-05
mumu 3100 1800 4.244e-03 2.670e-05
mumu 3100 1900 3.876e-03 2.455e-05
mumu 3100 2000 3.456e-03 2.224e-05
mumu 3100 2100 3.063e-03 1.964e-05
mumu 3100 2200 2.631e-03 1.711e-05
mumu 3100 2300 2.233e-03 1.461e-05
mumu 3100 2400 1.809e-03 1.191e-05
mumu 3100 2500 1.422e-03 9.430e-06
mumu 3100 2600 1.063e-03 6.769e-06
mumu 3100 2700 7.322e-04 4.441e-06
mumu 3100 2800 4.500e-04 2.541e-06
mumu 3100 2900 2.285e-04 1.171e-06
mumu 3100 3000 8.842e-05 4.516e-07
mumu 3200 100 7.415e-03 4.378e-05
mumu 3200 200 7.199e-03 4.407e-05
mumu 3200 300 6.901e-03 4.307e-05
mumu 3200 400 6.714e-03 4.216e-05
mumu 3200 500 6.619e-03 4.186e-05
mumu 3200 600 6.376e-03 4.015e-05
mumu 3200 700 6.171e-03 3.746e-05
mumu 3200 800 6.006e-03 3.349e-05
mumu 3200 900 5.789e-03 3.257e-05
mumu 3200 1000 5.565e-03 3.155e-05
mumu 3200 1100 5.385e-03 3.094e-05
mumu 3200 1200 5.124e-03 2.992e-05
mumu 3200 1300 4.952e-03 2.892e-05
mumu 3200 1400 4.689e-03 2.783e-05
mumu 3200 1500 4.402e-03 2.634e-05
mumu 3200 1600 4.171e-03 2.517e-05
mumu 3200 1700 3.853e-03 2.360e-05
mumu 3200 1800 3.598e-03 2.244e-05
mumu 3200 1900 3.266e-03 2.061e-05
mumu 3200 2000 2.957e-03 1.888e-05
mumu 3200 2100 2.672e-03 1.713e-05
mumu 3200 2200 2.345e-03 1.511e-05
mumu 3200 2300 2.035e-03 1.314e-05
mumu 3200 2400 1.687e-03 1.108e-05
mumu 3200 2500 1.391e-03 9.168e-06
mumu 3200 2600 1.093e-03 7.214e-06
mumu 3200 2700 8.047e-04 5.115e-06
mumu 3200 2800 5.553e-04 3.369e-06
mumu 3200 2900 3.395e-04 1.885e-06
mumu 3200 3000 1.748e-04 8.927e-07
mumu 3200 3100 6.738e-05 3.446e-07
mumu 3300 100 6.030e-03 3.531e-05
mumu 3300 200 5.847e-03 3.501e-05
mumu 3300 300 5.699e-03 3.534e-05
mumu 3300 400 5.549e-03 3.473e-05
mumu 3300 500 5.300e-03 3.346e-05
mumu 3300 600 5.220e-03 3.282e-05
mumu 3300 700 5.042e-03 3.062e-05
mumu 3300 800 4.939e-03 2.724e-05
mumu 3300 900 4.680e-03 2.613e-05
mumu 3300 1000 4.580e-03 2.572e-05
mumu 3300 1100 4.348e-03 2.478e-05
mumu 3300 1200 4.224e-03 2.430e-05
mumu 3300 1300 4.004e-03 2.321e-05
mumu 3300 1400 3.858e-03 2.254e-05
mumu 3300 1500 3.652e-03 2.164e-05
mumu 3300 1600 3.445e-03 2.061e-05
mumu 3300 1700 3.208e-03 1.952e-05
mumu 3300 1800 3.013e-03 1.846e-05
mumu 3300 1900 2.777e-03 1.724e-05
mumu 3300 2000 2.579e-03 1.608e-05
mumu 3300 2100 2.300e-03 1.460e-05
mumu 3300 2200 2.063e-03 1.328e-05
mumu 3300 2300 1.820e-03 1.178e-05
mumu 3300 2400 1.555e-03 1.011e-05
mumu 3300 2500 1.314e-03 8.557e-06
mumu 3300 2600 1.070e-03 6.994e-06
mumu 3300 2700 8.303e-04 5.517e-06
mumu 3300 2800 6.139e-04 3.895e-06
mumu 3300 2900 4.218e-04 2.543e-06
mumu 3300 3000 2.569e-04 1.436e-06
mumu 3300 3100 1.329e-04 6.831e-07
mumu 3300 3200 5.185e-05 2.661e-07
mumu 3400 100 5.026e-03 2.923e-05
mumu 3400 200 4.856e-03 2.913e-05
mumu 3400 300 4.620e-03 2.825e-05
mumu 3400 400 4.526e-03 2.818e-05
mumu 3400 500 4.358e-03 2.745e-05
mumu 3400 600 4.248e-03 2.655e-05
mumu 3400 700 4.129e-03 2.505e-05
mumu 3400 800 3.986e-03 2.184e-05
mumu 3400 900 3.847e-03 2.144e-05
mumu 3400 1000 3.755e-03 2.092e-05
mumu 3400 1100 3.610e-03 2.022e-05
mumu 3400 1200 3.486e-03 1.977e-05
mumu 3400 1300 3.316e-03 1.897e-05
mumu 3400 1400 3.189e-03 1.858e-05
mumu 3400 1500 3.031e-03 1.769e-05
mumu 3400 1600 2.849e-03 1.685e-05
mumu 3400 1700 2.725e-03 1.619e-05
mumu 3400 1800 2.528e-03 1.536e-05
mumu 3400 1900 2.364e-03 1.448e-05
mumu 3400 2000 2.182e-03 1.350e-05
mumu 3400 2100 1.991e-03 1.249e-05
mumu 3400 2200 1.782e-03 1.132e-05
mumu 3400 2300 1.596e-03 1.026e-05
mumu 3400 2400 1.402e-03 9.002e-06
mumu 3400 2500 1.190e-03 7.744e-06
mumu 3400 2600 1.019e-03 6.642e-06
mumu 3400 2700 8.167e-04 5.375e-06
mumu 3400 2800 6.406e-04 4.237e-06
mumu 3400 2900 4.681e-04 2.958e-06
mumu 3400 3000 3.203e-04 1.925e-06
mumu 3400 3100 1.970e-04 1.094e-06
mumu 3400 3200 1.025e-04 5.255e-07
mumu 3400 3300 4.011e-05 2.083e-07
mumu 3500 100 4.112e-03 2.361e-05
mumu 3500 200 3.977e-03 2.367e-05
mumu 3500 300 3.824e-03 2.321e-05
mumu 3500 400 3.724e-03 2.298e-05
mumu 3500 500 3.584e-03 2.236e-05
mumu 3500 600 3.470e-03 2.169e-05
mumu 3500 700 3.360e-03 2.037e-05
mumu 3500 800 3.274e-03 1.775e-05
mumu 3500 900 3.177e-03 1.746e-05
mumu 3500 1000 3.070e-03 1.683e-05
mumu 3500 1100 2.986e-03 1.655e-05
mumu 3500 1200 2.868e-03 1.601e-05
mumu 3500 1300 2.692e-03 1.524e-05
mumu 3500 1400 2.604e-03 1.480e-05
mumu 3500 1500 2.520e-03 1.447e-05
mumu 3500 1600 2.384e-03 1.391e-05
mumu 3500 1700 2.256e-03 1.334e-05
mumu 3500 1800 2.115e-03 1.268e-05
mumu 3500 1900 1.980e-03 1.196e-05
mumu 3500 2000 1.845e-03 1.124e-05
mumu 3500 2100 1.682e-03 1.038e-05
mumu 3500 2200 1.531e-03 9.634e-06
mumu 3500 2300 1.408e-03 8.885e-06
mumu 3500 2400 1.260e-03 8.086e-06
mumu 3500 2500 1.087e-03 6.983e-06
mumu 3500 2600 9.303e-04 6.029e-06
mumu 3500 2700 7.820e-04 5.106e-06
mumu 3500 2800 6.226e-04 4.095e-06
mumu 3500 2900 4.930e-04 3.271e-06
mumu 3500 3000 3.614e-04 2.300e-06
mumu 3500 3100 2.466e-04 1.475e-06
mumu 3500 3200 1.505e-04 8.371e-07
mumu 3500 3300 7.761e-05 3.970e-07
mumu 3500 3400 3.122e-05 1.632e-07
mumu 3600 100 3.415e-03 1.946e-05
mumu 3600 200 3.319e-03 1.957e-05
mumu 3600 300 3.158e-03 1.909e-05
mumu 3600 400 3.047e-03 1.873e-05
mumu 3600 500 2.960e-03 1.835e-05
mumu 3600 600 2.849e-03 1.765e-05
mumu 3600 700 2.754e-03 1.665e-05
mumu 3600 800 2.676e-03 1.434e-05
mumu 3600 900 2.610e-03 1.413e-05
mumu 3600 1000 2.519e-03 1.366e-05
mumu 3600 1100 2.452e-03 1.337e-05
mumu 3600 1200 2.351e-03 1.296e-05
mumu 3600 1300 2.250e-03 1.251e-05
mumu 3600 1400 2.156e-03 1.211e-05
mumu 3600 1500 2.050e-03 1.160e-05
mumu 3600 1600 1.960e-03 1.126e-05
mumu 3600 1700 1.893e-03 1.090e-05
mumu 3600 1800 1.769e-03 1.038e-05
mumu 3600 1900 1.657e-03 9.953e-06
mumu 3600 2000 1.545e-03 9.346e-06
mumu 3600 2100 1.431e-03 8.794e-06
mumu 3600 2200 1.329e-03 8.255e-06
mumu 3600 2300 1.223e-03 7.692e-06
mumu 3600 2400 1.083e-03 6.865e-06
mumu 3600 2500 9.664e-04 6.172e-06
mumu 3600 2600 8.425e-04 5.438e-06
mumu 3600 2700 7.128e-04 4.622e-06
mumu 3600 2800 6.038e-04 3.962e-06
mumu 3600 2900 4.831e-04 3.154e-06
mumu 3600 3000 3.768e-04 2.496e-06
mumu 3600 3100 2.740e-04 1.736e-06
mumu 3600 3200 1.912e-04 1.140e-06
mumu 3600 3300 1.175e-04 6.511e-07
mumu 3600 3400 6.011e-05 3.074e-07
mumu 3600 3500 2.387e-05 1.239e-07
mumu 3700 100 2.884e-03 1.626e-05
mumu 3700 200 2.748e-03 1.618e-05
mumu 3700 300 2.616e-03 1.561e-05
mumu 3700 400 2.534e-03 1.543e-05
mumu 3700 500 2.440e-03 1.503e-05
mumu 3700 600 2.386e-03 1.473e-05
mumu 3700 700 2.279e-03 1.378e-05
mumu 3700 800 2.202e-03 1.153e-05
mumu 3700 900 2.135e-03 1.133e-05
mumu 3700 1000 2.083e-03 1.107e-05
mumu 3700 1100 2.004e-03 1.080e-05
mumu 3700 1200 1.946e-03 1.053e-05
mumu 3700 1300 1.830e-03 1.004e-05
mumu 3700 1400 1.800e-03 9.956e-06
mumu 3700 1500 1.704e-03 9.552e-06
mumu 3700 1600 1.644e-03 9.267e-06
mumu 3700 1700 1.544e-03 8.881e-06
mumu 3700 1800 1.481e-03 8.575e-06
mumu 3700 1900 1.389e-03 8.129e-06
mumu 3700 2000 1.315e-03 7.848e-06
mumu 3700 2100 1.221e-03 7.370e-06
mumu 3700 2200 1.121e-03 6.880e-06
mumu 3700 2300 1.043e-03 6.449e-06
mumu 3700 2400 9.497e-04 5.958e-06
mumu 3700 2500 8.533e-04 5.424e-06
mumu 3700 2600 7.423e-04 4.761e-06
mumu 3700 2700 6.535e-04 4.217e-06
mumu 3700 2800 5.577e-04 3.622e-06
mumu 3700 2900 4.615e-04 3.019e-06
mumu 3700 3000 3.788e-04 2.490e-06
mumu 3700 3100 2.899e-04 1.929e-06
mumu 3700 3200 2.155e-04 1.360e-06
mumu 3700 3300 1.450e-04 8.681e-07
mumu 3700 3400 8.979e-05 4.985e-07
mumu 3700 3500 4.629e-05 2.375e-07
mumu 3700 3600 1.871e-05 9.849e-08
mumu 3800 100 2.370e-03 1.327e-05
mumu 3800 200 2.269e-03 1.308e-05
mumu 3800 300 2.165e-03 1.296e-05
mumu 3800 400 2.080e-03 1.265e-05
mumu 3800 500 2.011e-03 1.236e-05
mumu 3800 600 1.916e-03 1.177e-05
mumu 3800 700 1.894e-03 1.148e-05
mumu 3800 800 1.831e-03 9.527e-06
mumu 3800 900 1.786e-03 9.396e-06
mumu 3800 1000 1.681e-03 8.877e-06
mumu 3800 1100 1.652e-03 8.751e-06
mumu 3800 1200 1.590e-03 8.566e-06
mumu 3800 1300 1.535e-03 8.334e-06
mumu 3800 1400 1.479e-03 8.059e-06
mumu 3800 1500 1.425e-03 7.823e-06
mumu 3800 1600 1.348e-03 7.502e-06
mumu 3800 1700 1.292e-03 7.292e-06
mumu 3800 1800 1.212e-03 6.947e-06
mumu 3800 1900 1.160e-03 6.715e-06
mumu 3800 2000 1.081e-03 6.342e-06
mumu 3800 2100 1.027e-03 6.070e-06
mumu 3800 2200 9.551e-04 5.757e-06
mumu 3800 2300 8.877e-04 5.413e-06
mumu 3800 2400 8.105e-04 5.020e-06
mumu 3800 2500 7.272e-04 4.534e-06
mumu 3800 2600 6.681e-04 4.224e-06
mumu 3800 2700 5.827e-04 3.762e-06
mumu 3800 2800 5.040e-04 3.264e-06
mumu 3800 2900 4.289e-04 2.797e-06
mumu 3800 3000 3.597e-04 2.353e-06
mumu 3800 3100 2.864e-04 1.888e-06
mumu 3800 3200 2.249e-04 1.491e-06
mumu 3800 3300 1.642e-04 1.037e-06
mumu 3800 3400 1.122e-04 6.698e-07
mumu 3800 3500 6.864e-05 3.808e-07
mumu 3800 3600 3.590e-05 1.856e-07
mumu 3800 3700 1.464e-05 7.760e-08
mumu 3900 100 2.004e-03 1.119e-05
mumu 3900 200 1.877e-03 1.087e-05
mumu 3900 300 1.788e-03 1.053e-05
mumu 3900 400 1.731e-03 1.047e-05
mumu 3900 500 1.652e-03 9.991e-06
mumu 3900 600 1.606e-03 9.829e-06
mumu 3900 700 1.571e-03 9.415e-06
mumu 3900 800 1.509e-03 7.773e-06
mumu 3900 900 1.459e-03 7.593e-06
mumu 3900 1000 1.403e-03 7.256e-06
mumu 3900 1100 1.354e-03 7.099e-06
mumu 3900 1200 1.318e-03 6.935e-06
mumu 3900 1300 1.260e-03 6.715e-06
mumu 3900 1400 1.225e-03 6.552e-06
mumu 3900 1500 1.183e-03 6.409e-06
mumu 3900 1600 1.121e-03 6.151e-06
mumu 3900 1700 1.075e-03 5.910e-06
mumu 3900 1800 1.021e-03 5.703e-06
mumu 3900 1900 9.685e-04 5.475e-06
mumu 3900 2000 9.237e-04 5.298e-06
mumu 3900 2100 8.627e-04 5.069e-06
mumu 3900 2200 8.130e-04 4.800e-06
mumu 3900 2300 7.589e-04 4.548e-06
mumu 3900 2400 6.921e-04 4.211e-06
mumu 3900 2500 6.330e-04 3.917e-06
mumu 3900 2600 5.823e-04 3.643e-06
mumu 3900 2700 5.082e-04 3.229e-06
mumu 3900 2800 4.578e-04 2.936e-06
mumu 3900 2900 3.926e-04 2.547e-06
mumu 3900 3000 3.387e-04 2.206e-06
mumu 3900 3100 2.793e-04 1.816e-06
mumu 3900 3200 2.238e-04 1.480e-06
mumu 3900 3300 1.756e-04 1.167e-06
mumu 3900 3400 1.287e-04 8.092e-07
mumu 3900 3500 8.749e-05 5.236e-07
mumu 3900 3600 5.289e-05 2.937e-07
mumu 3900 3700 2.770e-05 1.444e-07
mumu 3900 3800 1.142e-05 6.075e-08
mumu 4000 100 1.672e-03 9.249e-06
mumu 4000 200 1.582e-03 9.068e-06
mumu 4000 300 1.519e-03 8.891e-06
mumu 4000 400 1.438e-03 8.588e-06
mumu 4000 500 1.386e-03 8.364e-06
mumu 4000 600 1.323e-03 8.056e-06
mumu 4000 700 1.289e-03 7.767e-06
mumu 4000 800 1.244e-03 6.344e-06
mumu 4000 900 1.206e-03 6.163e-06
mumu 4000 1000 1.180e-03 6.058e-06
mumu 4000 1100 1.126e-03 5.836e-06
mumu 4000 1200 1.087e-03 5.687e-06
mumu 4000 1300 1.050e-03 5.483e-06
mumu 4000 1400 1.013e-03 5.339e-06
mumu 4000 1500 9.795e-04 5.219e-06
mumu 4000 1600 9.325e-04 5.055e-06
mumu 4000 1700 9.004e-04 4.869e-06
mumu 4000 1800 8.569e-04 4.732e-06
mumu 4000 1900 8.094e-04 4.537e-06
mumu 4000 2000 7.765e-04 4.393e-06
mumu 4000 2100 7.257e-04 4.140e-06
mumu 4000 2200 6.743e-04 3.908e-06
mumu 4000 2300 6.390e-04 3.789e-06
mumu 4000 2400 5.925e-04 3.568e-06
mumu 4000 2500 5.406e-04 3.304e-06
mumu 4000 2600 5.015e-04 3.091e-06
mumu 4000 2700 4.513e-04 2.833e-06
mumu 4000 2800 3.952e-04 2.513e-06
mumu 4000 2900 3.559e-04 2.267e-06
mumu 4000 3000 3.074e-04 1.994e-06
mumu 4000 3100 2.654e-04 1.723e-06
mumu 4000 3200 2.174e-04 1.426e-06
mumu 4000 3300 1.751e-04 1.160e-06
mumu 4000 3400 1.340e-04 8.925e-07
mumu 4000 3500 9.861e-05 6.162e-07
mumu 4000 3600 6.710e-05 4.009e-07
mumu 4000 3700 4.137e-05 2.307e-07
mumu 4000 3800 2.143e-05 1.111e-07
mumu 4000 3900 8.917e-06 4.769e-08
