700 100 0.372952  	   0.567916
700 200 0.111889  	   0.169664
700 300 0.081749  	   0.136741
700 400 0.076944  	   0.116436
700 500 0.079539  	   0.132897
700 600 0.115774  	   0.175089
800 100 0.434672  	   0.66058
800 200 0.105204  	   0.176089
800 300 0.076144  	   0.115277
800 400 0.065070  	   0.108776
800 500 0.063090  	   0.105411
800 600 0.068564  	   0.103693
800 700 0.091259  	   0.152389
900 100 0.498900  	   0.839016
900 200 0.106628  	   0.17845
900 300 0.072218  	   0.132973
900 400 0.062048  	   0.0938862
900 500 0.057354  	   0.0958273
900 600 0.056035  	   0.0936175
900 700 0.059551  	   0.0994553
900 800 0.079024  	   0.119481
1000 100 0.546307  	   0.916847
1000 200 0.111789  	   0.16932
1000 300 0.071778  	   0.108648
1000 400 0.060312  	   0.100795
1000 500 0.055050  	   0.0876324
1000 600 0.052082  	   0.0787909
1000 700 0.053026  	   0.088595
1000 800 0.056015  	   0.093559
1000 900 0.071445  	   0.119276
1100 100 0.629539  	   1.05557
1100 200 0.119458  	   0.180926
1100 300 0.071051  	   0.107533
1100 400 0.060040  	   0.110552
1100 500 0.052664  	   0.0796795
1100 600 0.050109  	   0.0837336
1100 700 0.050021  	   0.0756816
1100 800 0.050443  	   0.0842888
1100 900 0.053069  	   0.0844542
1100 1000 0.068285  	   0.103245
1200 100 0.796244  	   1.20874
1200 200 0.124972  	   0.189223
1200 300 0.074488  	   0.12454
1200 400 0.059499  	   0.0947363
1200 500 0.052047  	   0.0787492
1200 600 0.049331  	   0.0746396
1200 700 0.047978  	   0.080176
1200 800 0.047378  	   0.0716853
1200 900 0.048882  	   0.0778218
1200 1000 0.051732  	   0.0864122
1200 1100 0.061603  	   0.102848
1300 100 1.049480  	   1.76977
1300 200 0.141708  	   0.237237
1300 300 0.077265  	   0.129193
1300 400 0.059826  	   0.0952478
1300 500 0.053043  	   0.0802577
1300 600 0.048393  	   0.0808712
1300 700 0.047334  	   0.0716216
1300 800 0.046608  	   0.0705246
1300 900 0.046339  	   0.0701199
1300 1000 0.047107  	   0.0712759
1300 1100 0.050038  	   0.0835869
1300 1200 0.059611  	   0.0901329
1400 100 1.151899  	   1.75118
1400 200 0.155408  	   0.260034
1400 300 0.079463  	   0.132835
1400 400 0.059978  	   0.100243
1400 500 0.053487  	   0.0893869
1400 600 0.048405  	   0.0849856
1400 700 0.046194  	   0.0771998
1400 800 0.045302  	   0.0757161
1400 900 0.045176  	   0.0683606
1400 1000 0.045557  	   0.0761442
1400 1100 0.046601  	   0.0778796
1400 1200 0.048901  	   0.0739718
1400 1300 0.057567  	   0.0961178
1500 100 1.154338  	   1.93563
1500 200 0.177245  	   0.296798
1500 300 0.081474  	   0.136205
1500 400 0.062359  	   0.104222
1500 500 0.053312  	   0.0890956
1500 600 0.048883  	   0.0816965
1500 700 0.045744  	   0.0764521
1500 800 0.044925  	   0.0715345
1500 900 0.044503  	   0.0743853
1500 1000 0.044298  	   0.0670364
1500 1100 0.044573  	   0.0745055
1500 1200 0.045406  	   0.0687066
1500 1300 0.048185  	   0.0804983
1500 1400 0.054910  	   0.091683
1600 100 1.316027  	   2.10176
1600 200 0.191433  	   0.320355
1600 300 0.087016  	   0.145471
1600 400 0.062612  	   0.0947446
1600 500 0.053279  	   0.0890465
1600 600 0.049345  	   0.0824693
1600 700 0.046535  	   0.0777736
1600 800 0.045479  	   0.0760152
1600 900 0.043988  	   0.0665671
1600 1000 0.043719  	   0.0730786
1600 1100 0.043349  	   0.0724625
1600 1200 0.043544  	   0.0658967
1600 1300 0.044633  	   0.0675394
1600 1400 0.047260  	   0.0789554
1600 1500 0.054147  	   0.0904106
1800 100 1.546710  	   2.35155
1800 400 0.067074  	   0.112122
1800 700 0.046632  	   0.0779385
1800 1000 0.043011  	   0.0718988
1800 1300 0.042989  	   0.0718654
1800 1600 0.045850  	   0.0693608
2000 100 1.698778  	   2.85429
2000 400 0.072819  	   0.121723
2000 700 0.047869  	   0.0800067
2000 1000 0.043207  	   0.0722275
2000 1300 0.041507  	   0.0628215
2000 1600 0.042441  	   0.0709505
2000 1900 0.049403  	   0.0824959
2200 100 1.712272  	   2.87598
2200 400 0.076917  	   0.128574
2200 700 0.048994  	   0.0818881
2200 1000 0.042983  	   0.0718554
2200 1300 0.041588  	   0.0629447
2200 1600 0.040961  	   0.0684839
2200 1900 0.042096  	   0.0703668
2400 100 1.642643  	   2.62997
2400 400 0.082455  	   0.137833
2400 700 0.050868  	   0.085022
2400 1000 0.044192  	   0.0668814
2400 1300 0.041344  	   0.0625753
2400 1600 0.041084  	   0.0654402
2400 1900 0.041349  	   0.0658606
2400 2200 0.043530  	   0.0658557
